x,y,z
-1.1175429271859771,-1.358081185957633,0.08609813553455513
-1.1602292170679331,-1.380070962044359,0.17367372877833873
-1.2010363746640709,-1.3933235741838754,0.26547528630160144
-1.2385738039841165,-1.3975675425242637,0.3612545906029695
-1.2718399895930776,-1.3922378378699456,0.4600487254942902
-1.3009740662790306,-1.3765204792989167,0.5589045750617104
-1.3257384092607936,-1.3503913740335753,0.6549311603625955
-1.3447039698177221,-1.3135714341946152,0.7466607778873854
-1.3568393961520535,-1.266533818649596,0.8327934228616835
-1.3620576144358159,-1.2112204940217803,0.9115244412726139
-1.3602873508187487,-1.1488875876632962,0.9808436078238385
-1.3514756099529515,-1.080123529393446,1.0393631400049186
-1.3358332319014385,-1.0061628761214068,1.086614322533063
-1.3135694493413916,-0.9290667864034605,1.1218447628232404
-1.2848725830340133,-0.8508018059335236,1.1442171836225665
-1.2501869887522483,-0.7725716788098295,1.1540579678357448
-1.2103936179178187,-0.6954647700891994,1.1523839080779505
-1.1664738532880297,-0.6211415835927553,1.1397462830731204
-1.1191492585575753,-0.5513138115170093,1.1163162305368535
-1.069038026732855,-0.4870753283186563,1.0828276653320714
-1.016966570656947,-0.42912731875696514,1.0408256124849746
-0.963967657641727,-0.37818231548527126,0.9920684864883181
-0.9110589364492072,-0.3347641863645992,0.9380630655271659
-0.8590645489198019,-0.29877904047922377,0.8800598044619149
-0.8085413670656583,-0.2694882050369282,0.8191575993125315
-0.7598490715176238,-0.24591900829706032,0.7562818494945343
-0.713328082516197,-0.227273838328531,0.6920899143245
-0.669365346590626,-0.21303884126307418,0.6269866003404208
-0.6282798659058824,-0.20295309103631562,0.5612736237013671
-0.5902814659514232,-0.19702223652989104,0.4952301300639678
-0.5556245051696679,-0.1953235338172984,0.42906859995850305
-0.5246077686856945,-0.197459120714388,0.3632103179955525
-0.4971400865006881,-0.2024032523300761,0.2988884025937685
-0.47260772414743063,-0.20942418245265937,0.23748220110315657
-0.4508980615886235,-0.21884777070331082,0.1785417164855924
-0.4327359934464397,-0.2311763034623714,0.1203661145201684
-0.4184195948752928,-0.24597981441344577,0.06271124857883177
-0.40742423331635824,-0.26238508396715443,0.006624078358372823
-0.3990162600154975,-0.2802971479773637,-0.04730074466454885
-0.39303111845227906,-0.30029638970161004,-0.09881121306555492
-0.38978072598496716,-0.32248492632369374,-0.14761951229614043
-0.3893125157957715,-0.3462983941996136,-0.193784664763856
-0.39137735443178095,-0.37120846867691754,-0.23760137009435456
-0.39585878905177263,-0.39719298193228003,-0.27918420599117283
-0.40287819246590506,-0.42474135350838166,-0.3183507415597227
-0.4126342802979136,-0.4544722951607801,-0.354790616494575
-0.4252103283558051,-0.48670433987092443,-0.3882324856297484
-0.44046509152712787,-0.5214099877343925,-0.41839259938812146
-0.4581398008541329,-0.5584504469294674,-0.44489574156578915
-0.4780459690368109,-0.5977291151294613,-0.46732725819290893
-0.500108958385389,-0.6391722800846676,-0.4853725856116458
-0.5242981519788809,-0.6826660884578877,-0.49888874792887733
-0.5505968246384482,-0.7280429852820514,-0.5078471771363254
-0.5790215946374433,-0.7750847545535009,-0.5121936356140746
-0.6096253742937243,-0.823538580680183,-0.5117093617962073
-0.6424819038939191,-0.8731850572546922,-0.5059842533517244
-0.6776594048879182,-0.9239088547253878,-0.49452561709434106
-0.7151876145281549,-0.9756974030568215,-0.4768945422021644
-0.7550603616740341,-1.0285673862832243,-0.45272519949515333
-0.797271483129076,-1.0824462229446135,-0.42156084105065394
-0.8417801313185593,-1.1370098478152038,-0.38264256296137356
-0.888352711624726,-1.1914977584948856,-0.33500812801073626
-0.9364468511474787,-1.244627124445442,-0.27809321904038525
-0.985340499675027,-1.2948154906914875,-0.2122776485666193
-1.0344451207891192,-1.340762776507498,-0.13839274034902135
-1.0834604721676873,-1.3818059399802882,-0.05652804520406181
-1.1320755799312838,-1.41700292872522,0.03367445676996058
-1.1797473670672967,-1.4440317917874002,0.1312563518623796
-1.225745288573867,-1.4605646664213159,0.23422141851147793
-1.2686223809597614,-1.4661059085070824,0.3417572175867478
-1.3066280714982215,-1.460611773847627,0.4534281009155587
-1.3395308320370967,-1.4431958060799546,0.5659831076764302
-1.3674351791315025,-1.4138257336751574,0.6752216022548817
-1.388923556809953,-1.3724314576771797,0.7792572457678484
-1.4029112530332,-1.319334686617609,0.8769124803216816
-1.4092971052566063,-1.2567598521903216,0.9664741110889202
-1.407584012333113,-1.1859234242361507,1.04551613286873
-1.3976273159066017,-1.1074299594852535,1.1116598044052357
-1.3799549209804538,-1.022924815950432,1.164164418173889
-1.3547249073881675,-0.9349676534187268,1.2024754646334308
-1.322036971606596,-0.8458510922559878,1.2260118414782537
-1.2825483350477984,-0.7569139870138162,1.2354042448982487
-1.2374276335630272,-0.669639837468926,1.2315888832486028
-1.1877751940183543,-0.58629974312769,1.2149082792990116
-1.1342960480471793,-0.5087467189160715,1.1858025828307364
-1.0777130399205512,-0.43787462874875743,1.145724509072147
-1.0191337021378843,-0.3744253428981187,1.0968117691890207
-0.9598505370124782,-0.31931940284737437,1.0410494756331166
-0.9010250141790718,-0.2730897929412613,0.9799915840091434
-0.8435224780135688,-0.23543062339182225,0.9148943080200925
-0.787855246030601,-0.2053780949764299,0.8468794356755321
-0.7343382601894547,-0.1818615454001414,0.776963351416457
-0.6833713000699299,-0.1640581813442013,0.7059438192551102
-0.6354817575270607,-0.1513262079585972,0.6343907203254227
-0.5910909807523238,-0.14315925956604028,0.5627866766986072
-0.5504681168460523,-0.13946320409850066,0.49147648110155295
-0.5139893159902224,-0.14048244732162002,0.42039938143394584
-0.48203510702890834,-0.14588025447198566,0.3495330507192648
-0.45430080146966423,-0.15434215890239694,0.2800948906238339
-0.42995835959569606,-0.1649853672274092,0.2136365714122649
-0.40922439549937545,-0.17823017191682844,0.1492615563852908
-0.39280141620048664,-0.19418584797806937,0.08520720319705309
-0.3800266784816073,-0.2116118956647119,0.02223348158856614
-0.3696360116295614,-0.22944870006879925,-0.03821876275219835
-0.3611097707558846,-0.248037421330555,-0.0959140678634862
-0.35508733083030425,-0.2678364717635314,-0.1505186415004866
-0.35199492222566936,-0.28854246054674837,-0.20150103487252566
-0.3514229674118443,-0.310012245177108,-0.24883651748320576
-0.3531666488929252,-0.3326223318733323,-0.2930473186384036
-0.35740316069767675,-0.3569227637997688,-0.33483310671063543
-0.3643170267695197,-0.38360335244602245,-0.3745735124802316
-0.37405232708853675,-0.4132257391701536,-0.4123809326131635
-0.38654484306657516,-0.44586542283315106,-0.44815900711569717
-0.4014896385176575,-0.4812220683363634,-0.4814952556136245
-0.41862927112919085,-0.5189428357793517,-0.5117295590536772
-0.43796106535550655,-0.5587994161751,-0.5381664411260116
-0.4596346691381441,-0.6006821236665867,-0.5602780559111653
-0.4837474296962464,-0.6445687048588784,-0.5777438123324037
-0.510298235779853,-0.6905181659135302,-0.5904109469702324
-0.5392401829218632,-0.7385932743602744,-0.598197643435649
-0.5705312106786404,-0.7887836330490556,-0.6009426739014407
-0.6041772354254211,-0.8410036283298733,-0.5983125592615182
-0.6402369868619479,-0.8951225896445373,-0.5898141304606576
-0.6787817349088536,-0.9510005301549871,-0.5748950136383301
-0.7198633572761428,-1.0085092833922715,-0.5530847115278446
-0.7635230101267018,-1.0674837517848206,-0.5240500075099848
-0.8098189325393466,-1.127603417323969,-0.4874075989398798
-0.8587566909061057,-1.1882679720356006,-0.4423319704400261
-0.9100354500128569,-1.2484850953651232,-0.38745702140644966
-0.9629044275619718,-1.3068052537170962,-0.3216576456039417
-1.0164550458972448,-1.3614795041940595,-0.2452014502949901
-1.070040565854815,-1.4109256445019198,-0.15955272372977464
-1.1234013784779202,-1.454222439724862,-0.06539970423152305
-1.1761842583605617,-1.4903986861679561,0.037665995817318665
-1.227681248907213,-1.5170217036737366,0.14846073414533054
-1.277051163983009,-1.531683545315474,0.2645665689273727
-1.3225428572422135,-1.5338780833658254,0.38554897278860134
-1.3623352449497588,-1.523031704360735,0.5107178716566975
-1.3962973327520334,-1.4982964376396795,0.635455226975286
-1.4239369360358096,-1.4602205660457852,0.7554581325211389
-1.4437874053457977,-1.4084463766915587,0.8690930366252531
-1.4556036120635707,-1.3441306170840506,0.9748194861049827
-1.4589431492056797,-1.269215143402372,1.0702980468716
-1.452666601311493,-1.184296468106121,1.1520171625474669
-1.4372805061168903,-1.0909030108103848,1.2177773281937807
-1.4134115255756678,-0.991855747182136,1.2675260270891906
-1.3809287277810667,-0.8903646350827875,1.3007268087501522
-1.3402337167102787,-0.7886121716631698,1.3175247141421467
-1.2925289079109938,-0.6884502572275787,1.318588951045271
-1.2392065089244724,-0.5926850052959876,1.3044071559018637
-1.1812194676656125,-0.5036149001680845,1.2758805643567483
-1.119327067364027,-0.42208455869499,1.2349359711598475
-1.0546872278788588,-0.3487820244941122,1.1839955096978323
-0.9887461831416543,-0.2847414118943863,1.125253178051839
-0.9228996503984646,-0.23058508756908727,1.0604317813517725
-0.8583021257131508,-0.1860713372832333,0.9908316394684886
-0.7956869235014175,-0.1502925489681767,0.9175058205466091
-0.7354261486658997,-0.1221912981310372,0.8415387400566801
-0.6778855719754582,-0.10100542815398267,0.7640224987766641
-0.6236575099240506,-0.08617446145881374,0.6858816245637647
-0.5732984583862634,-0.07691735709611419,0.6079680346081943
-0.5269956870412534,-0.07239220138757513,0.5311472754805142
-0.484942681185637,-0.07240810575817506,0.45572941355548857
-0.44779807146354467,-0.07718716348819152,0.3809921718882501
-0.4158611745272739,-0.08599586170332571,0.306570697663864
-0.3882398872199673,-0.09736798411715815,0.2338143748003411
-0.3644927425683067,-0.11096550724492425,0.16316215544554322
-0.34542192943320793,-0.1270940146924826,0.09293284644381457
-0.3304691163127637,-0.14481407114722628,0.023505521933643317
-0.31802086024469084,-0.16256423573955486,-0.04314714341459315
-0.3073697974488078,-0.18009338044209466,-0.10682483660579516
-0.2992075513142959,-0.1975571198564768,-0.167503145739464
-0.2939643310189719,-0.21444466895546205,-0.22416537811893622
-0.2908101096600047,-0.23124381239343209,-0.2758575972446157
-0.2896968627065699,-0.24963805957384794,-0.3229472860454982
-0.2913084466628222,-0.2705496947714461,-0.36712629475150993
-0.29564929338231877,-0.2941223621024634,-0.40974245048762653
-0.30248824292539406,-0.32058670906821635,-0.4514147841033283
-0.3116881632444346,-0.35008872966290294,-0.4923743438240046
-0.32298961756029826,-0.3824139490906747,-0.5323096142316538
-0.33616345419322036,-0.4171648328672559,-0.5704856191968845
-0.3513442455407588,-0.45402422437978873,-0.6060653841606729
-0.36899771716667973,-0.492813712999721,-0.6383490414796413
-0.3895534146535371,-0.5334831090629298,-0.666751771617005
-0.4131751170125179,-0.576169922010598,-0.6907431207422886
-0.43977624843868635,-0.6211382781062091,-0.7098901201230841
-0.46915992570995385,-0.6686993060631828,-0.7238304538465713
-0.5011949942290539,-0.7192248106056616,-0.7322424043969005
-0.5358746497814187,-0.7730290917991066,-0.7348426047220151
-0.5732140869647062,-0.8301264053523242,-0.7313287489617115
-0.6131900866538643,-0.8901988978939698,-0.7213200372381939
-0.6557866656648412,-0.9528165400244472,-0.7043454023031137
-0.7010256644368491,-1.0176379095235566,-0.6798513578679204
-0.7489405651905083,-1.0844211218321178,-0.6472607306085623
-0.7995561834944761,-1.1527977054623646,-0.6060846077643337
-0.8529294312840003,-1.221960609366614,-0.5558834105349908
-0.9090437014617885,-1.2906389628042414,-0.495856540792826
-0.9674074645147609,-1.3573430926339325,-0.4246223088232714
-1.0270876838694063,-1.4205429490405281,-0.34109964804127596
-1.0873422325344002,-1.478753816468635,-0.24582697814039237
-1.1477992238265438,-1.5303873567068083,-0.140616755595953
-1.2080428045528149,-1.5740869666017523,-0.025847579036342327
-1.2668224348786083,-1.608283037209331,0.09871440957513467
-1.3229238562226953,-1.630274349781972,0.23039877167149925
-1.3751832780624558,-1.6380857032874334,0.3674221429697373
-1.4215847138843183,-1.630347417151931,0.5102558546930129
-1.4609004557935397,-1.6058316878509298,0.6551142701412144
-1.492786952875439,-1.5653966813962645,0.7960587886220195
-1.5162549690977247,-1.508084997470194,0.930041583512749
-1.5310944927559869,-1.4337626897566615,1.0546164395362105
-1.536247067982497,-1.3444258783582852,1.166882434863603
-1.5294795573212805,-1.2417715362590915,1.2623968383848607
-1.5115687364920116,-1.1285879697369363,1.3385911226001967
-1.4836498042724655,-1.0087087524812208,1.395469870993647
-1.4455101304119566,-0.886278813244813,1.4324805400541694
-1.397609845874075,-0.764214027611962,1.4496489731218274
-1.3413466786387904,-0.6459166912566006,1.447053743930419
-1.2783944565524965,-0.5351256821028829,1.4258994901221866
-1.2100053558147696,-0.4332094570431096,1.3890232761366097
-1.1372997741107573,-0.34075297482117006,1.3392814558705264
-1.0617070214413389,-0.2590381166399495,1.2790913602759213
-0.9848152473394399,-0.18882550392066916,1.2107759117717178
-0.9083281975101947,-0.12982878592218358,1.1362968927296475
-0.8337149305214453,-0.08124406892893829,1.0570385213723177
-0.761781376645678,-0.04197264546466351,0.9740863571051491
-0.6928309861452085,-0.010975507491604461,0.8886763177033681
-0.6272572790612114,0.01223244355074541,0.8021078665589976
-0.5658415538126463,0.027900701611802116,0.715361679425014
-0.5092749875352544,0.036997952238713834,0.629243743139758
-0.45729482309272107,0.04144393811818213,0.5447942450618142
-0.4091668843878459,0.04282033875304958,0.46272752993907884
-0.36527213713872525,0.04118694040979597,0.3826439977979261
-0.32645526145402226,0.03611052612920696,0.3038436751800009
-0.29242261007361925,0.02815575283436319,0.2263279764942468
-0.26251244116270434,0.01858311400684528,0.1498420859418339
-0.23599554455702143,0.008008471816633465,0.07461749907509208
-0.21261941648021587,-0.0037875035844847638,0.002131229343218074
-0.19320801154919687,-0.01697910143352048,-0.06758197785995108
-0.17790768777018287,-0.03124092757077694,-0.13543054239338598
-0.1659672485995781,-0.0456959039424704,-0.2018986668053624
-0.15638525449060772,-0.059529728827967,-0.2664626329448476
-0.14887883325069626,-0.07335084106130776,-0.3280150099421697
-0.14409776938950947,-0.08861311864165522,-0.38592993288680133
-0.1423357309094052,-0.10568423434840932,-0.44047585204325646
-0.14313688032598532,-0.12407791873256199,-0.4926212451199625
-0.1459606762551657,-0.14381028375615884,-0.5432174313475899
-0.15065427460326897,-0.1654298086153888,-0.5925988448879629
-0.15728113319850737,-0.18927000516187711,-0.6406840363419026
-0.1657970206396325,-0.2151680421286119,-0.6872917488955104
-0.17608344113185573,-0.24266779799231766,-0.7322774357767765
-0.18803413090705862,-0.27130072327356236,-0.7753159156732925
-0.20155386501955116,-0.3010134031767127,-0.8158513982740484
-0.21665836609548822,-0.3324167129785402,-0.8534027416415815
-0.23352246659134174,-0.36639778375317733,-0.8877527551834774
-0.2523980127501897,-0.4035446522586212,-0.9188106096906068
-0.2735827665754271,-0.4440348049007171,-0.9464530388925589
-0.2974169815471326,-0.487890601736286,-0.9705034482682389
-0.3242155039463498,-0.5351939918445817,-0.9907477036708859
-0.35419543751308796,-0.5861215434125692,-1.00692189315142
-0.38745834838539484,-0.6408833651201034,-1.0186856916947267
-0.4239982219373697,-0.6996424778400437,-1.0255718821058768
-0.46372205518938786,-0.7624392827558777,-1.026919999299593
-0.5065245519052163,-0.8291539878026313,-1.0218746510398844
-0.552419273692921,-0.8995766691485539,-1.0095137499184181
-0.6016047483440227,-0.9735536952801073,-0.9890382861692677
-0.6543254213295151,-1.0509586058853322,-0.9597757941367033
-0.7106439077078855,-1.1314144240642101,-0.9208671870267056
-0.7703965101217016,-1.214245547168839,-0.8710719163753694
-0.8333253129770658,-1.2986769380780157,-0.809105750593394
-0.8992268323319774,-1.3833376154883534,-0.7339691114224018
-0.9679461773617136,-1.466275422403379,-0.6448249341475715
-1.0391418210569185,-1.546166995494338,-0.5413568598045075
-1.1121427625393316,-1.6211799129518487,-0.4238174606269145
-1.1861904049043257,-1.6891484859922818,-0.2913306791324272
-1.2603924348320565,-1.747025735895601,-0.14431348579885814
-1.3333078329757526,-1.7907284204200602,0.015705550558747335
-1.4024341485156364,-1.8178061430015053,0.1884115150716176
-1.466586659948838,-1.8260317723593689,0.36903223621800135
-1.5247353789149967,-1.8127177441070619,0.5541571060427919
-1.5744877386468803,-1.775188088724363,0.7397107009916669
-1.6140026422192844,-1.7140144994154307,0.9197821969484754
-1.6417200241783418,-1.6287245358637992,1.089607805426652
-1.6563468189447115,-1.5208932488850828,1.243175315086115
-1.6571522139627834,-1.3950093503781604,1.3766875332678272
-1.6426998656295986,-1.2554826346956403,1.4860899443805649
-1.613795079928151,-1.1061998948898621,1.5695734755212571
-1.5718189014577133,-0.9525314446134843,1.6255178691523289
-1.5172303570094716,-0.798532477720077,1.6547130888308144
-1.4510488415329692,-0.6486046544621217,1.6575306250542707
-1.3751468091062518,-0.5072828008008994,1.6360667479235858
-1.2919212876205686,-0.37665616265873414,1.593889127478033
-1.2033210196868573,-0.2592852538237147,1.533456958667277
-1.1112662458987022,-0.15698923490579458,1.4581072569432707
-1.0175263570126796,-0.06992139958593499,1.3720759633205497
-0.9241443176443936,0.0021973991038392038,1.2787011315113535
-0.8331100512270357,0.060043159490134376,1.1812260719240866
-0.7450970334967483,0.10555795206691965,1.0821779038417654
-0.6605038800532158,0.1408174123522286,0.9828888256356352
-0.5805606688967274,0.16677735652297676,0.8844703330105196
-0.5063135426591503,0.18416237050795667,0.7874852939269492
-0.43820408842710423,0.19424232831955052,0.6920972448454313
-0.3761749822828635,0.1987824086970803,0.5991478422657103
-0.3196741224672661,0.19953413878049764,0.5090671937814721
-0.26850935627007066,0.19737779062690697,0.42147645775922266
-0.22286882117443554,0.19227000754408752,0.3366490306750364
-0.18275933865833047,0.18494164477530162,0.2547398101165199
-0.14706355758397613,0.17694969225690546,0.17604362221495296
-0.1148031829303287,0.16747102525565336,0.10188954359098132
-0.08742981447339038,0.15597435334969684,0.03173390335504878
-0.06353346878948406,0.14442540305466905,-0.03494047637623965
-0.04091939852116136,0.1333758764264568,-0.09703342937375865
-0.020077443806598597,0.11995136624451852,-0.15552914457835312
-0.0030047695009313025,0.10119593747303525,-0.2133369809817525
0.009036657249907707,0.07734566709410556,-0.27326138297424396
0.01823697440970555,0.050706424106757554,-0.3362532710134595
0.02601834568904233,0.023854985502267455,-0.402022330644744
0.03125153004099396,0.0005780972881972296,-0.4691041218936895
0.033905984032113076,-0.016126739209581152,-0.5327105705643136
0.03467537711033686,-0.02785059582691781,-0.5879471213040236
0.032565146690037725,-0.039118299167528695,-0.6358972185120757
0.02599366747601161,-0.052756699109865746,-0.6819708389772369
0.015519140568479542,-0.06879488574810103,-0.7297710165067083
0.003317244605241394,-0.08610348514457844,-0.7792700305780726
-0.009086602710440208,-0.10376258642903907,-0.8286684725005068
-0.021245603735038827,-0.12155441689898898,-0.8763009931289042
-0.03343857054549544,-0.1399675983540813,-0.9215876048320892
-0.04635272175755007,-0.1598902022420437,-0.9648421491211975
-0.06056105616870521,-0.1820099402617538,-1.006522947935121
-0.07624218276301639,-0.20644054473304713,-1.0467106689377037
-0.09332694739664858,-0.2330086116993927,-1.0851002461227177
-0.11174457385294981,-0.2617176891035666,-1.1212959183901081
-0.1315135979419211,-0.2928658266433127,-1.1549896479119945
-0.15274412287002362,-0.3269113974734869,-1.1859555186879114
-0.1756437685353712,-0.3643221858265036,-1.2140309692686824
-0.20050447366521026,-0.40548136791780176,-1.2390982986237957
-0.22765256050742186,-0.45065567783479177,-1.261027461500107
-0.2573877120874322,-0.5000178261193502,-1.2795992177263733
-0.2899466797325677,-0.553702637323738,-1.2944384370355142
-0.3255043163175555,-0.6118681401963076,-1.304981417693404
-0.3641996367857397,-0.6747271634603934,-1.3104905033791074
-0.40617316732907893,-0.7425244478705038,-1.3101020898875957
-0.45162294973288813,-0.8154595943975435,-1.3028788593853244
-0.500867182759949,-0.8935720174367573,-1.2878338963967921
-0.5543285838984346,-0.9766263373187316,-1.2639127322549406
-0.6123869359561767,-1.0641839356341156,-1.2300465521228423
-0.675115226724693,-1.155977705122831,-1.1853716133223529
-0.7421620720376363,-1.2519368149016294,-1.1290381466783121
-0.813192708629535,-1.3514065137134594,-1.0593053515898947
-0.8880862913136051,-1.4528804765799108,-0.9741757351516207
-0.966891646890476,-1.5542761916814836,-0.8731308479591854
-1.049518430187689,-1.6531280996808448,-0.7546068973544569
-1.134494949962805,-1.7477271845133266,-0.6163585202148172
-1.220572318930858,-1.8342809362017425,-0.4593974664921846
-1.3073972115139558,-1.908451720757283,-0.283107283202317
-1.392940035892964,-1.9667648627847738,-0.08862733852986351
-1.4751216716845732,-2.0044338341673447,0.12038959541910692
-1.5536364544481451,-2.0169570449861345,0.3417704596234931
-1.624301531097997,-2.0009971054099327,0.5706624598570551
-1.6842751406219068,-1.9532817359969046,0.8007391386235342
-1.7320294823375175,-1.8752419032316547,1.0234545754635682
-1.7652795271563735,-1.7660646619363576,1.2339326310533167
-1.7809811752398157,-1.627545766491294,1.4213976745796082
-1.7795665076394038,-1.4660476332557872,1.5809074710802506
-1.7603464710032461,-1.2875343882383747,1.7081365241957394
-1.7216402810834979,-1.0983024161378243,1.8001286831657002
-1.6658083386194265,-0.9056389856105966,1.856042827351519
-1.595142090701208,-0.7154897999587042,1.8774691532629686
-1.510252343257543,-0.5323028614027956,1.8659546408501375
-1.4146073812388085,-0.36173540267627413,1.8253468960852217
-1.3108806024101491,-0.2095129063381384,1.7597079572668883
-1.201439447052431,-0.07677732029923261,1.6737433038406206
-1.0893292858459396,0.036080000703617,1.574330908211405
-0.9766637928500311,0.12880644285847487,1.4655059376603659
-0.865781225899725,0.20258296768365652,1.3512975477188733
-0.7582697524376167,0.25966711806665477,1.2354933083416078
-0.6553455121895264,0.3029073477337786,1.119644586845608
-0.5585752073662109,0.3339906668488526,1.0052412882996413
-0.4683065165404864,0.35506698261684616,0.8938757666313822
-0.38379519538744694,0.3688859691275028,0.7858685030926895
-0.3053548207702126,0.3770719921104894,0.6814766144347401
-0.23393339727073034,0.37996871685416767,0.5812612363150763
-0.16990610845465032,0.37893733589388817,0.4856039106469102
-0.11265221865340092,0.37543011049386676,0.3936165884751155
-0.06154444985096364,0.3702308288142355,0.30467277856045705
-0.015786686465012006,0.3644034589492206,0.21946044794904612
0.024893850109826296,0.35808933880237287,0.13617235576931425
0.059949165378012474,0.3523605669881576,0.05344793579469638
0.09185226420634932,0.3491299353200043,-0.026991172218044215
0.12070636877001462,0.34852825013288574,-0.10610358702483483
0.1457163655943681,0.350361104367351,-0.18527199006141076
0.16854813924841963,0.35639423363921496,-0.2615305322397668
0.19173585541165505,0.3681111715539931,-0.3321666521632289
0.21543763577442207,0.3838789683022102,-0.3965310624935563
0.237405115553608,0.39939924576681995,-0.45561645777708776
0.25655923657967455,0.41182998408943583,-0.512294799926418
0.2747244861608307,0.4211466539723992,-0.5694339982408375
0.2935301074902926,0.42911391777907393,-0.6275590263864078
0.3129407683813086,0.4377633069087896,-0.6848091508367865
0.3315296155124956,0.4481504312243214,-0.7394086479629421
0.3480774700493953,0.4607242055406493,-0.791408848193534
0.36338198283131695,0.47617638730942546,-0.8417278537156311
0.37932246767378647,0.49497808318762204,-0.8905707464158727
0.39688419592942353,0.5169135529701383,-0.9371037592156508
0.41585096858766823,0.5414529500347102,-0.9805487339167196
0.43578655123484417,0.5683426193529706,-1.020984369028277
0.456624643248109,0.5976462971862602,-1.0589705211700617
0.4785029388625345,0.6295391608161276,-1.0948961504968484
0.5016236869924963,0.6642753560479755,-1.1287780283067157
0.5262715876528736,0.7021947937801182,-1.1603966106333907
0.5527845624225368,0.7436369492559446,-1.1894105364989893
0.5814827103294727,0.7888746211345462,-1.2153562607451973
0.6126493205089983,0.8381023430911397,-1.237613495748466
0.6465559305819708,0.8914282103725126,-1.2554116201802132
0.6834798580515272,0.9488654753970795,-1.2678868366792047
0.7236890793700703,1.0103834243296932,-1.2741924276798928
0.7673863649758428,1.0760823788240006,-1.2736634298305014
0.8146495015198956,1.1464127417737677,-1.2659354031497454
0.8654845323784875,1.222117445779894,-1.2507123826250774
0.9200810197963194,1.3036604985290707,-1.227098956748428
0.9789431996203236,1.3906142199951332,-1.193388224036814
1.0423439643579777,1.4819045293550044,-1.1479928800394146
1.1097555988578576,1.5766854869519393,-1.0901108996891162
1.1806045410058834,1.674367311712121,-1.018948520466857
1.255214613757053,1.7736951000752024,-0.9330055653339853
1.3336569692130726,1.8728240206518536,-0.8304197111536158
1.4148120457329347,1.9691045244726113,-0.7099353212934207
1.4981852376931841,2.0594022782009485,-0.5713204830053882
1.583127136057423,2.1414535032537803,-0.41393584041006376
1.6679238913206527,2.211667461090319,-0.23806790894496074
1.751669505784734,2.2649976823685476,-0.044829335715623274
1.831729375025022,2.29732731403277,0.162357635760228
1.9065735927792338,2.3051625675911303,0.37903507507391815
1.9735238863441795,2.2849492292206555,0.6022592270979091
2.029677684811069,2.2342802232142254,0.8247611368713548
2.0739806733934745,2.15360480721627,1.0410575833653073
2.103956897893951,2.042994697044398,1.2415269827627484
2.1172260807914913,1.9052064350944453,1.4208170101607962
2.1133729156030507,1.7456100305910203,1.572467284663125
2.0908858651301734,1.5696977739764675,1.6927351819998495
2.0521685750422094,1.3850890391504131,1.7784252743083393
1.9958449604672914,1.196874038650965,1.8297887914384763
1.9243594181189934,1.0125459913117452,1.8475869417614517
1.84095788789983,0.8364805960249652,1.8330962098079264
1.74676038115616,0.6732972555487442,1.7909132131059513
1.644995124658609,0.5267352474231345,1.7253445576729103
1.537940450153391,0.39859015942176,1.6405799109525248
1.4285215225956327,0.29042458729441406,1.5432465226367444
1.3193540214632538,0.2015641402411703,1.4379248042390735
1.211414285607725,0.1298816470966215,1.3269707391206724
1.1063512489680125,0.07387774160605966,1.2133369546242139
1.0060581911486806,0.03223354795307215,1.1004905236100393
0.9117771989188397,0.0024287163087480454,0.9897703546857797
0.8235971488892949,-0.018282347454188712,0.8810068679364663
0.7418613531778887,-0.0312527916095541,0.7753215020785564
0.6678326952685323,-0.037854205597052215,0.6737463581418094
0.6008697900883923,-0.04006559943776267,0.5760322178432998
0.539433489474451,-0.03863326046266258,0.48209936315378915
0.4840416071690947,-0.034025751183070885,0.39189493131364167
0.4349777237317467,-0.027684631511867737,0.3053810139104263
0.391686773063632,-0.02059301519039534,0.2229276475867068
0.3532906468173128,-0.012753038520371306,0.1440877974553255
0.3199259566583418,-0.004614176774173775,0.06810240081646622
0.29140014347020265,0.0018354756878906399,-0.004865803326960263
0.26557843861311825,0.005391424347994663,-0.07583382242944922
0.24189957711444862,0.006607783594657225,-0.14586575836157678
0.2202875187909041,0.005780625759666497,-0.21524977643892462
0.19970160847065332,0.004153090701977096,-0.2841319618613145
0.18034968462560083,0.004433901416824496,-0.351095975563116
0.16374098239514617,0.006789674760626627,-0.41376051135416286
0.1488604444599083,0.008289757809011696,-0.4725263028951381
0.13361094464653925,0.007472712230551726,-0.5299672251534461
0.11896856191002805,0.00540944828149674,-0.587185484893799
0.10657654273674053,0.0023651302626445,-0.6439556970313093
0.09565764189393836,-0.0022792068579832805,-0.7003282549630607
0.08530844402007504,-0.008061287299315763,-0.7558389076034343
0.07586510915454463,-0.014331329232277229,-0.809319331078654
0.06726613989659873,-0.02140283846395584,-0.8603045436921669
0.05884721865617182,-0.029998171739982277,-0.9090760743540978
0.05010032470567352,-0.040642674071460966,-0.9561067626390508
0.04065094119174377,-0.05339448262512153,-1.0019162679401972
0.03024490500815122,-0.06787078020231735,-1.046712994784162
0.0188302486613977,-0.08361257861036996,-1.0903404385017923
0.006460554011539282,-0.10038704231684938,-1.1325761310057054
-0.006737241346824957,-0.1182577129457594,-1.173222637530672
-0.020616441759995427,-0.13753128395597725,-1.2121031177736892
-0.035134823568983245,-0.15866916522685443,-1.2490798685299123
-0.050422709771709144,-0.18217858938312512,-1.2840576314685328
-0.06675616763793964,-0.20850115298465127,-1.3169753231292847
-0.08447949369124913,-0.23795259676051828,-1.3477848385688125
-0.10393629208365604,-0.27073269599568717,-1.3764299845949624
-0.12543239861709962,-0.30697515605862263,-1.4028301887504713
-0.14922645720653102,-0.3468021816828512,-1.4268635777277479
-0.17553178165913508,-0.3903625758297801,-1.4483447793139348
-0.2045163450417926,-0.43784622005246804,-1.466996381193918
-0.23630291909093754,-0.48947549446317623,-1.4824242762839013
-0.2709824048534918,-0.5454810958089397,-1.4941156028446254
-0.3086489322268581,-0.6060802152667027,-1.5014709560804342
-0.3494439713512441,-0.6714810271102104,-1.5038534905223144
-0.3935750259689342,-0.7419273937021056,-1.500609491017493
-0.4412907924129672,-0.8177723975185804,-1.491042296994326
-0.4928630096358343,-0.8995317724651927,-1.4743913850715047
-0.5486193872080554,-0.9877760867011792,-1.44980502853489
-0.6089391051229944,-1.0827336754275692,-1.416140530181629
-0.6741136671143801,-1.1840425862246713,-1.3717162153842326
-0.7440656488108025,-1.2911840565308592,-1.3145231858683062
-0.8186403150400359,-1.4035253191105221,-1.2422847159532158
-0.8984591032687954,-1.5196254540549823,-1.1515966303584557
-0.9839654166310577,-1.6376754680516095,-1.0396810203723164
-1.074666116644899,-1.7549386550167738,-0.9064208100792679
-1.1694270583764668,-1.8665931021069333,-0.7490296276793338
-1.2661362255401947,-1.9678257393251088,-0.5679093995287052
-1.3636936979373184,-2.054184067427606,-0.3636127016390654
-1.4604613841286205,-2.120575536408566,-0.13673096610507826
-1.5536073624386322,-2.163617238834482,0.1076181266603271
-1.6420248965423796,-2.1756501507012,0.3662337279123235
-1.7210905023702059,-2.153259627447291,0.6331938279892756
-1.7875754934994166,-2.0920083145176185,0.9014759547970206
-1.839384848249615,-1.9923308142469751,1.1602838437729481
-1.8732625964213327,-1.8554811955711679,1.4008670088081163
-1.8871292595429614,-1.6837165143448305,1.6122291337345183
-1.880103848509167,-1.484594836225388,1.787517514682265
-1.8508766810015402,-1.2661377171718369,1.9216313972808
-1.7990796966072482,-1.037611953199459,2.01102341214352
-1.7273401669338448,-0.8085998963454012,2.0565635675104232
-1.6385397673065563,-0.5861659370385953,2.06038045751471
-1.534809351944408,-0.3772503693794437,2.025727317561287
-1.4198385696708207,-0.18899155191206984,1.9591191341268521
-1.2960057604599833,-0.024786939927626137,1.8671335901290005
-1.168075005157447,0.11420602953706269,1.7576879505549567
-1.0386226482167626,0.228016131257674,1.6377572325516745
-0.9099755803368952,0.31891690109353876,1.5115214489420254
-0.7852074029440206,0.3889360981785071,1.382979773586047
-0.6655246353658484,0.44081019908897046,1.2555945247657727
-0.5523686672576935,0.47750568803636895,1.1311552310834976
-0.44730960670942715,0.5020477611206662,1.0112663403601765
-0.3506283877086175,0.517061157265347,0.8969026321510174
-0.26240864741714015,0.5249459095488243,0.7877535147337804
-0.18247335728699143,0.5280963137992367,0.6834552827926662
-0.1089470987804027,0.5282482446082137,0.5842383406417168
-0.041324615209118766,0.5264408920293435,0.49084386796449003
0.020192883060236776,0.5229674079196601,0.40388307463716316
0.07618088382740326,0.517906407746117,0.32559321608159664
0.12683562338580937,0.510408815351627,0.2598998885286683
0.17377973140485284,0.49702987982285646,0.21246146306463093
0.2185369807817096,0.47045629706255887,0.19157949551415715
0.26033208751249315,0.41892208641813894,0.2053949606508953
0.2988068050541293,0.3299806081724676,0.26004968238394205
0.3343515355469935,0.199913495130687,0.35855169770631035
0.36777224479940906,0.03943227842062318,0.5003679437111092
0.39050711010202377,-0.13147874213913183,0.6696527827923995
0.3881338925852159,-0.25800766745569415,0.8282544000537868
0.36892130224702097,-0.26234740583780086,0.9626344226579335
0.33131700603254,-0.15571040961905327,1.069492090592595
0.2904140923689224,-0.0011649882157031138,1.1673205106483653
0.2963982815091124,0.12447189488117792,1.2808230526514188
0.33633224354057295,0.2048174988492401,1.4216645017477663
0.33971968258045043,0.26489539728808936,1.587517601294263
0.30175365327778747,0.31435689548740414,1.7794068750871264
0.2429265277162655,0.34869567127858314,1.9994964104273611
0.1644716420731504,0.3565306110381403,2.203032736070658
0.05991863866642269,0.3452328704913613,2.3366200399898145
-0.0793313621151479,0.32551153605663885,2.396109680427744
-0.24630751172147067,0.2984249488281684,2.396201942723692
-0.41978697344315713,0.27407984880797215,2.3449333110591337
-0.5821833969719109,0.2723245980717233,2.2516610634669543
-0.7173042786216298,0.31755571792891113,2.135890545535578
-0.7944602777837846,0.4123995607699129,2.0079124591327733
-0.7861075400906523,0.5360993031315346,1.8527187054174388
-0.6986207478140889,0.6661456767896058,1.671338875591352
-0.5643426686994227,0.7819025649855139,1.4866122399634607
-0.40662406275454127,0.8639239129345828,1.3081710085297358
-0.2478199982469036,0.9171411740225701,1.123890001484161
-0.09339357438126286,0.9529907945799097,0.9285112916278496
0.05583263246053187,0.9731727210919172,0.7452096541579019
0.17905561617828616,0.9903224648512455,0.5683497305006545
0.27639128166157,0.9952901299787422,0.3860238190746163
0.3558038897716161,0.9540687304905745,0.19267550326369776
0.41728673476193,0.8715218561387258,-0.032093045298603844
0.41913247464322545,0.8559468160682647,-0.31983085251190646
0.3990273229919879,1.0458684900005129,-0.6528395325205079
0.47532849074436984,1.4088297976067048,-0.9366115576773673
0.7259750726199746,1.8917302019490185,-0.9857623597111487
1.051665869087612,2.3244968230751084,-0.6400203273976214
1.3362030254854742,2.630316782016249,-0.08637073469738722
1.6938169296416816,2.827047036951359,0.5008848182583489
2.074572808822731,2.885270829047986,1.0690645063465474
2.354598589426356,2.8366519878458165,1.5560785498802
2.579178859184231,2.6387912708456587,1.9592783978708626
2.618576285319502,2.307128468985144,2.3165118508760103
2.625957960281746,1.929338499114597,2.601739782065081
2.568747310055755,1.5061427733285042,2.7766660388441844
2.469456598439857,1.0783661903933504,2.85743612018042
2.3342374144018025,0.6755152169403051,2.83760466266765
2.15853612990098,0.3185275854673016,2.7428175184359267
1.9705377693833788,0.00931670497373678,2.594577760704186
1.7667555689202579,-0.23831673279508853,2.410906654730259
1.5608683678696407,-0.4332697447938757,2.2150633455393125
1.357316995285975,-0.5802615189775777,2.013049942777915
1.1595450409064538,-0.6859938846442201,1.8185775386857146
0.9704807628375202,-0.7578343431131669,1.6328136195483514
0.794293690341005,-0.8015702446271028,1.463449996608125
0.6304698919302555,-0.8283219063337955,1.3093649575069115
0.4800304848581212,-0.8398882355189581,1.1694501886464277
0.34271346592261875,-0.8403178428536132,1.0453086172412684
0.22112003637290906,-0.8360419900050501,0.9376447465161519
0.1120313870075695,-0.8265952144957129,0.8415979200259204
0.014119502617070241,-0.8147424230548571,0.759264577636276
-0.07308903045101914,-0.8014214767888046,0.6856494153866239
-0.15412992205933684,-0.7885348719081543,0.617569235549837
-0.22762414934832795,-0.7762431502899689,0.5546772889088996
-0.2897035942804869,-0.7640007900270441,0.4946486132735709
-0.34199771588893474,-0.7540105396527643,0.4427525848727563
-0.38881685818520667,-0.7493289133360004,0.3995060027537547
-0.4329977024103795,-0.7488963693347999,0.36000330703732925
-0.4735069171528531,-0.7492611069385045,0.3222345046947148
-0.5092876786486787,-0.7490262424455401,0.2873935490841989
-0.542194183949706,-0.749852195543167,0.25790450454671177
-0.5725019616985427,-0.7531305895278632,0.23477118754779203
-0.6000467347003794,-0.7585983801646664,0.21614171830921777
-0.6253570920258181,-0.7653699911638011,0.19978435089402108
-0.6490596767073774,-0.7731818555370495,0.18479678351406054
-0.671806596258618,-0.7823638102002101,0.17111954337678836
-0.6940472822903845,-0.7933296848648959,0.15892688081494263
-0.7158879082676282,-0.8063953523647786,0.14850807067583138
-0.7373695976464452,-0.8216763879432467,0.14020540530643957
-0.7585903773415074,-0.8389774833733814,0.1343633648109677
-0.7796391126587304,-0.8578196298547571,0.1313583441382991
-0.8005925518003212,-0.8775879546501857,0.13158538698471867
-0.8215090256411693,-0.8976562950009009,0.13537982911759597
-0.8423990685027881,-0.9174563560524053,0.142953498418958
-0.8632242187335188,-0.9365046095306524,0.15436629978518238
-0.8839107465699738,-0.9543922600529366,0.16952758176311764
-0.9043550573462664,-0.9707590385474555,0.18822160475243208
-0.9244228727338348,-0.9852726747393795,0.21013027369528356
-0.943950864068724,-0.9976237022577196,0.23484645891164113
-0.9627549696718161,-1.00753782987503,0.2618962720886694
-0.9806470413652749,-1.014800148264816,0.29077971462134744
-0.9974557655941588,-1.0192845425625439,0.32101849301830226
-1.013038425630863,-1.0209788047774495,0.3521869712440706
-1.0272721104860165,-1.0199841412983321,0.3839076096657409
-1.0400312756298782,-1.0164698308181201,0.41581614459346083
-1.0511754333510979,-1.0105963270258689,0.44752401227385136
-1.0605626268691921,-1.002454806798202,0.4786058864839902
-1.068075936677341,-0.9920652879357835,0.50861919516828
-1.0736346558218874,-0.9794311695760426,0.5371405469345946
-1.0771783370690624,-0.9646089998278928,0.5637986803366426
-1.0786415390118014,-0.9477488788697843,0.5882908492390012
-1.0779472812556057,-0.9290865891756543,0.6103775876302981
-1.0750292306239018,-0.9088995018059869,0.6298584764325335
-1.069867206147899,-0.8874562329501868,0.646540629607936
-1.0625120089864952,-0.864988999620712,0.6602165583049223
-1.0530868825898232,-0.8417016237092177,0.6706637066965943
-1.0417692275007524,-0.817805375232637,0.6776669015701527
-1.0287648738725932,-0.7935608613134543,0.6810539566441611
-1.0142867358442533,-0.7693031949720175,0.6807295215705534
-0.9985442445556404,-0.7454378779441047,0.6766952010755418
-0.981743643661854,-0.7224094439404156,0.6690521208069647
-0.9640945748808394,-0.7006565905718292,0.6579896589824717
-0.9458166614561486,-0.6805713041217883,0.6437671526696335
-0.9271411813275191,-0.6624748278360258,0.6266944099637359
-0.9083062709945708,-0.6466141884006261,0.6071142805322914
-0.8895473963992276,-0.633174941684934,0.5853879627440313
-0.8710865855551638,-0.6223024294142613,0.5618815423542843
-0.8531240664980795,-0.6141251175406003,0.5369509575144871
-0.8358353041401688,-0.6087767277525091,0.5109230218513072
-0.8193757135896307,-0.6064155722720181,0.4840724709084909
-0.8038946880322726,-0.6072379683904138,0.4565982649110888
-0.7895593892291539,-0.6114786753289362,0.42860560359820227
-0.7765855467908804,-0.6193885507066106,0.4001035956149586
-0.765265768855311,-0.6311833401452855,0.3710330361430442
-0.7559770475958769,-0.6469712739453509,0.3413412583535403
-0.7491472238970899,-0.6666861431862794,0.31111013246942937
-0.7451794255432178,-0.6900580348494266,0.28070574719467695
-0.7443727807334374,-0.7166248757518154,0.25086903475303574
-0.7468942004262872,-0.7457407883646409,0.22267221699085055
-0.7527984047896976,-0.7765442669590988,0.19737008225262062
-0.7620190874585309,-0.8079414471034969,0.17625736924558344
-0.7743124265193057,-0.8387130516940612,0.160540742565411
-0.7892590428651914,-0.8677474738218017,0.15111439433809504
-0.8063620347515549,-0.8942662484133358,0.14828815700987977
-0.8251302816989868,-0.9179239350468045,0.15171752284647166
-0.8450998735768831,-0.9387660566714019,0.16062483167476882
-0.8658487192938679,-0.9570815337156136,0.1741194545642782
-0.8870120396128156,-0.9732060820804956,0.19141299616845786
-0.9082693963756818,-0.98735494535442,0.21188474518715544
-0.9293104908942794,-0.9995477830358162,0.23505344762888866
-0.9498109118426343,-1.0096331760940749,0.2605205732211821
-0.9694397100929447,-1.0173752144304613,0.28792210198136403
-0.9878967896253108,-1.0225541102720512,0.3169001788009706
-1.0049538083441396,-1.0250453907870423,0.3470910105487899
-1.0204659726781304,-1.0248558053812449,0.3781177745904016
-1.0343445180309698,-1.0221029947998,0.4095803663040656
-1.0465141270590248,-1.0169472783283366,0.4410464967649051
-1.0568899386459318,-1.009516721286145,0.47205683063833603
-1.0653835691105313,-0.9998758928666172,0.5021487228969018
-1.071917384531193,-0.9880555767475727,0.5308878072841665
-1.0764246541374136,-0.9741148921181633,0.5578929007186715
-1.078837040762618,-0.9581892290047234,0.5828475749986977
-1.0790796629588102,-0.9404950205823971,0.6054972113673511
-1.0770877892878243,-0.921294498520011,0.6256315768080669
-1.0728378750044478,-0.9008464919731999,0.6430581457447718
-1.0663727928424223,-0.879373026212867,0.6575788689168578
-1.0578068575221213,-0.8570590497489765,0.6689836408390466
-1.0473107711322605,-0.8340833743422976,0.6770652587349719
-1.0350866123060056,-0.8106631733782722,0.6816495224314499
-1.0213445423575573,-0.7870892181118359,0.6826273365870607
-1.006289003762912,-0.7637352402154427,0.6799765058371147
-0.9901164677869072,-0.7410377924323452,0.6737676656527123
-0.9730216777682933,-0.7194559865787469,0.6641563429574324
-0.9552064368820506,-0.6994276855922255,0.651367126745318
-0.9368851499174946,-0.6813377053899087,0.6356757081741428
-0.9182841351257004,-0.665506338630926,0.6173922278151495
-0.8996353764801565,-0.6521977504917845,0.5968469025687351
-0.8811679227592599,-0.641641817248649,0.5743768410723407
-0.8631008868985122,-0.6340614579301476,0.550311417533701
-0.8456416348555135,-0.6296992309534204,0.5249531917940402
-0.828992253514692,-0.6288391097600742,0.4985527817461568
-0.8133671073806125,-0.6318193389725764,0.4712792607026564
-0.7990234825953462,-0.639029451537822,0.4431924406889344
-0.7863037365094543,-0.6508813033956462,0.4142310945741148
-0.7756777596109835,-0.6677459275959643,0.3842437944283922
-0.7677587868469974,-0.6898611768109318,0.35310237963975105
-0.7632561276179377,-0.7172368408706578,0.3209293717600911
-0.7628528512582323,-0.7495891051482364,0.28840260070186335
-0.767061441338257,-0.7862889703894773,0.25698128621879224
-0.7761372400534562,-0.8262440635501834,0.2288592212119539
-0.7900275965825854,-0.8677107973087052,0.20661615404261374
-0.808271401639039,-0.9082903260627133,0.19270340597100571
-0.8299699598381256,-0.9453993863321531,0.18881389231366816
-0.8540125519389387,-0.9770520277609267,0.19524604309928204
-0.8793679479396868,-1.0024009731688477,0.21073930319104361
-0.9051974328871506,-1.0217036342711106,0.23305255972179784
-0.9308496615632833,-1.0358216892709524,0.2598247930079813
-0.9558000854663062,-1.045599306502704,0.289175326672489
-0.9795519312864469,-1.0515068757797723,0.31994926585942074
-1.0016002187254642,-1.0537131314939951,0.35167003503671074
-1.0214977545200146,-1.0523740323347208,0.38423380551649144
-1.0389334387888627,-1.0478045233232323,0.4175139030723493
-1.053746887386183,-1.0404105390676381,0.45113130776621696
-1.065899074693947,-1.0305170956891052,0.4844747255681372
-1.075444254554709,-1.0182824312474434,0.5168494406641305
-1.0824980489018046,-1.0037551992746854,0.5476169205690301
-1.0871761413832115,-0.9869992690865474,0.5762705656141482
-1.0895248903804993,-0.9681872557937365,0.6024523085261003
-1.0895008802057997,-0.9476132433452673,0.6259289841622987
-1.0870215620886856,-0.9256332426709304,0.6465428127150025
-1.082047428204872,-0.9025802871655659,0.6641525436018908
-1.0746384784671215,-0.8787081530618792,0.6785888965927412
-1.0649595244815575,-0.8541930173787754,0.6896446587521471
-1.0532464375417763,-0.8291851017447676,0.6971026303556693
-1.039760533209564,-0.8038774730884102,0.7007847108653744
-1.0247533918266338,-0.7785562995948794,0.7005970481967276
-1.0084518849899085,-0.7536105529184086,0.6965534438961156
-0.9910619603770825,-0.7295002111632021,0.6887739142393103
-0.9727831042477978,-0.7067006179743817,0.6774665232561645
-0.9538233807356895,-0.6856480740182925,0.6629034442166035
-0.9344072258528223,-0.6667060612302308,0.6453989699910492
-0.9147734087810213,-0.6501586096090248,0.6252927033755532
-0.8951656805450174,-0.6362255195401975,0.6029378205029016
-0.8758210711725609,-0.6250887121087599,0.5786918041722976
-0.8569605256577947,-0.6169201595461881,0.5529053072568222
-0.8387852270393126,-0.6119062757433822,0.5259049723852653
-0.8214809931207722,-0.610267054460507,0.4979687049240079
-0.8052328811121304,-0.6122677376364768,0.46929606523788703
-0.7902517154012008,-0.6182163140290555,0.43998095949917354
-0.7768114317121632,-0.6284353291995453,0.40999962340284407
-0.7652876141827138,-0.643198464214267,0.379236419463487
-0.7561729300235694,-0.6626384145316392,0.3475798660359769
-0.7500361209002762,-0.6866599274111066,0.3151112288188381
-0.7474146238675323,-0.7149029053976732,0.2823466013407743
-0.7486945098098778,-0.7467546322226607,0.25039588825685277
-0.75406271679759,-0.7813314700724836,0.22089340231558777
-0.7635185137026533,-0.8173817564779053,0.19573232989560355
-0.7768281509232156,-0.8532566572695214,0.17677340047377607
-0.7934584214935606,-0.8871627346591273,0.1655258061882607
-0.8126751885919897,-0.9176293509333642,0.16270866180095894
-0.8337406225528842,-0.9438670748424983,0.167958523872809
-0.8559974593781091,-0.9658141043712807,0.18004328240374146
-0.8788789153599527,-0.9839179737348346,0.19741967631087204
-0.9019283600914502,-0.9987943416706824,0.2186912534307929
-0.92477416570158,-1.0109182484926953,0.24279699549136138
-0.9470553600149756,-1.020482986037683,0.269020766052936
-0.9683779047175626,-1.027450338552657,0.29692195148405676
-0.9883458968662069,-1.031701281059192,0.32622391625246083
-1.0066354696404334,-1.033174276754083,0.35668734030144694
-1.023044195558867,-1.0319254559657067,0.38801311856325005
-1.037479858523809,-1.0281045696743365,0.4198034090980476
-1.0499104145852258,-1.0218820166562077,0.4515743266752879
-1.060320302985328,-1.0133816726527674,0.48279953872031056
-1.0686925352400658,-1.0026657384081619,0.5129648068691568
-1.0750025160637728,-0.98977819118977,0.5416132069302104
-1.0792081472431445,-0.9748104020036447,0.5683677028314336
-1.081242360453589,-0.957940688656827,0.5929317379569126
-1.081024633298114,-0.9394236360569107,0.6150741031301111
-1.0784943647605625,-0.9195411689373728,0.6346024782902825
-1.0736488055562061,-0.898549052079299,0.6513329678811974
-1.066563757364863,-0.876650148269986,0.6650690068896635
-1.0573883487652194,-0.8540069775173874,0.6756014080997959
-1.0463209359809253,-0.830784479648147,0.6827306330828268
-1.0335799288878402,-0.8072001441496631,0.6863009271008842
-1.0193812264945559,-0.7835574355529243,0.6862313253305642
-1.0039280920529752,-0.7602481529093423,0.6825323994936023
-0.9874132522903214,-0.7377242146013218,0.675306120667345
-0.9700284195825699,-0.716452126396607,0.6647333861364995
-0.9519744414601957,-0.6968685995038714,0.6510561472062087
-0.9334664811331403,-0.6793523139092659,0.6345594900449388
-0.9147322136130819,-0.6642180371672215,0.6155561832359422
-0.8960048099391946,-0.6517304239599793,0.5943737488416305
-0.8775145959677341,-0.6421296833478944,0.5713421696764474
-0.8594835040083524,-0.6356607571752776,0.5467790267322334
-0.8421258345638722,-0.6325998804525558,0.52096890813068
-0.8256584199974437,-0.6332743928231851,0.49413590694592396
-0.8103231210547412,-0.6380710680917319,0.46641183850559953
-0.796423394768042,-0.6474249251739896,0.43780881739657174
-0.7843713998879455,-0.6617777959724644,0.40821526703264444
-0.7747291326492358,-0.6815004016660714,0.37745102625844706
-0.768208787059683,-0.7067888101680627,0.3454303663876275
-0.7655938804733792,-0.7375674586508661,0.312456651912311
-0.7675856301098167,-0.7734208151687103,0.27956807181637955
-0.7746520417401549,-0.8135058977217178,0.24871677971012301
-0.7869422437586159,-0.8563607208712269,0.22258276345588307
-0.8041968003591269,-0.899712932997646,0.20406069308418712
-0.8256366303990035,-0.9406751485852876,0.1955740895855554
-0.8500674274356851,-0.9765183181578823,0.19829104969201275
-0.8762411605353058,-1.0055671900064291,0.2115781502091944
-0.903121016817417,-1.0275591096614325,0.2332556983814678
-0.9299164045461151,-1.0432845423943768,0.26054701168797123
-0.9560143379708481,-1.0538226566172837,0.2909980486557015
-0.980868281636633,-1.059909217223662,0.32297780918447927
-1.003931896855038,-1.0618430687177578,0.3557637766799036
-1.0247071113144028,-1.0598183126520015,0.38923634288248793
-1.0428298901833917,-1.0542107922662294,0.4233554726091707
-1.0580971205597232,-1.0455437439912922,0.4577923009057447
-1.0704451206430003,-1.0342651668042866,0.49190977125829427
-1.0799316805212547,-1.0206112631033113,0.5249500672745443
-1.0867117636027608,-1.0046622704691661,0.5562170156865225
-1.0909640432559773,-0.9864950557237412,0.5851715156562843
-1.0927920284917052,-0.9662973692914298,0.6114516663360375
-1.0921833951165283,-0.9443843309061082,0.6348426757812118
-1.0890650457571311,-0.9211333116062967,0.6552137166203411
-1.0834022103091598,-0.8968923760497762,0.672444737219723
-1.0752661483890027,-0.8719222157948576,0.6863745918720153
-1.0648398544610789,-0.8464025570332178,0.6967938897753928
-1.052378882505804,-0.8204907865140488,0.7034823751212246
-1.0381605478792122,-0.794394054530813,0.7062671758369753
-1.0224469884737746,-0.7684166459499565,0.7050714830291906
-1.0054718397082516,-0.742962215024878,0.6999354638552963
-0.9874471163605083,-0.7184940801763235,0.6910095496037251
-0.9685800398078491,-0.6954755625891029,0.6785315342420948
-0.9490884570538772,-0.6743172705471245,0.6627999189324608
-0.9292071310760548,-0.6553489950655766,0.6441511812714169
-0.9091833838373887,-0.6388189697306249,0.622943609110982
-0.8892657108816062,-0.6249120544736999,0.5995468334939555
-0.8696908323561804,-0.6137752816470022,0.5743335437665049
-0.8506738108285659,-0.6055426516519569,0.5476683738005136
-0.8324042566976628,-0.6003563938084786,0.5198900027780684
-0.8150505783078151,-0.598384628387889,0.49128617722539747
-0.7987738522465526,-0.5998333080433497,0.4620658198639337
-0.7837522792620488,-0.6049445744374035,0.4323361580745051
-0.7702143295964754,-0.6139689547525949,0.40209686157801244
-0.7584708562575876,-0.6271026619427273,0.37126957539813427
-0.7489242121634033,-0.6443997723319822,0.3397861724801964
-0.7420276135284394,-0.6656964979761979,0.307744958297831
-0.7381929562071653,-0.6905928389151781,0.2755899157278426
-0.7377000032740716,-0.7184921509181377,0.2441991053444954
-0.7406782193302291,-0.748629707754558,0.21479052442416943
-0.747142407429804,-0.7800411517501264,0.1887175656737852
-0.7569733107274137,-0.8115573656813275,0.1673161172892666
-0.7698504924599371,-0.8419547040274394,0.15177536885421397
-0.7852884572158567,-0.8702176057389471,0.14287619790622189
-0.802767836155365,-0.8957378517112967,0.14071728185383528
-0.821803435436142,-0.9183594976312714,0.14473508769957183
-0.8419463088243684,-0.9382926973728104,0.15402173992398488
-0.8628000405883949,-0.9559376405495748,0.1676648369358114
-0.8840331578557028,-0.9716747800485313,0.1849269825497996
-0.9053547797893507,-0.9857061285990937,0.20526899880359334
-0.926474046410372,-0.9980034802191549,0.22829047784091638
-0.9470762710639782,-1.0083554340745884,0.25365271639450043
-0.9668333301200093,-1.0164669431484754,0.28102090049407374
-0.9854437819559215,-1.0220637580722431,0.31003874335235493
-1.002676782460798,-1.0249727701753364,0.3403296918097804
-1.0183871575117514,-1.0251628251763922,0.37150497599614424
-1.0324886885244229,-1.0227324050996331,0.4031615715037023
-1.0449080235281263,-1.0178445596061232,0.4348719714693369
-1.0555569604351038,-1.0106441033807856,0.4661824440778982
-1.0643381069442228,-1.0012115119563778,0.4966306928632125
-1.0711644771432511,-0.989581281783458,0.5257759100378717
-1.0759655482997805,-0.9758028864826743,0.553225968406443
-1.0786752825226253,-0.9599961220328489,0.5786526378109816
-1.0792218924599017,-0.9423654219408623,0.6017921346240641
-1.0775384408174495,-0.923170453147452,0.6224300003520388
-1.0735920171733426,-0.9026767572357005,0.640374294912797
-1.0674119775789441,-0.8811174456335708,0.655429506123309
-1.059099840062522,-0.8586865644780256,0.6673858385842355
-1.0488178210325922,-0.8355655600900188,0.6760308999385979
-1.036764896672313,-0.8119669569350974,0.6811790389450502
-1.0231524831557208,-0.7881720954895135,0.6827053540732146
-1.0081886089681433,-0.764544532675986,0.6805708739610232
-0.9920737012534048,-0.7415133574898176,0.6748317082103358
-0.9750056223771404,-0.7195343382571044,0.6656330675636887
-0.9571882015123351,-0.699045182541929,0.6531939711171831
-0.9388371968782117,-0.680431182838218,0.6377888628325333
-0.9201801539950614,-0.6640106554164702,0.619730174598684
-0.9014503104229283,-0.6500405717181618,0.5993533000247063
-0.8828774755414776,-0.6387363178197238,0.5770032447642403
-0.8646797884653088,-0.6302976731404655,0.5530205243147982
-0.8470599571323248,-0.6249348291860212,0.5277232911973937
-0.8302089904720198,-0.6228906920778154,0.501383883669656
-0.8143200494206668,-0.6244560701691307,0.474200910608442
-0.7996144054386851,-0.6299717152287966,0.446272127063231
-0.7863788732688051,-0.6398075669146587,0.41757930459200954
-0.7750066372453409,-0.6543100390752532,0.38800588283437165
-0.76602003106408,-0.6737189520624128,0.35741963334087823
-0.7600428112555424,-0.698076813699668,0.32585039013325334
-0.7577034313449102,-0.7271661184312231,0.29374650569427063
-0.7595045700005689,-0.7604802302990153,0.26219734781598725
-0.7657380396134474,-0.7971654868736469,0.23295365187722256
-0.7764595273433088,-0.8358838112132457,0.20819158416287983
-0.7914296726080037,-0.8747332996381356,0.19013932114769952
-0.810036491826857,-0.911495553288061,0.18062666949314113
-0.8313908333253668,-0.9442193081613592,0.1805344964315995
-0.8545696229455357,-0.9717628828311242,0.1894237870889434
-0.8787631802921364,-0.993943151106557,0.2057534853925041
-0.9033051031698306,-1.0112758703972509,0.22754889117937113
-0.9276696836390933,-1.0245099582636277,0.2530039106609121
-0.9514128701649434,-1.0342164086451027,0.2807820741213454
-0.9740888741959346,-1.040643499492833,0.31008432919322093
-0.995240245889506,-1.0438450681208953,0.3405495575135461
-1.014469387718682,-1.0438940975741355,0.3720223277468403
-1.031507743818667,-1.0409897551326566,0.4043006279111099
-1.0462225719164624,-1.0354079548862152,0.43700169854176013
-1.0585793332613254,-1.0273839860896017,0.469577649520676
-1.0686035773763716,-1.0170437580100373,0.5014118247843419
-1.0763513664141136,-1.0044301566941207,0.5319189544280977
-1.0818722630144224,-0.9895902897252685,0.5606088665483121
-1.0851688653568827,-0.9726568098130581,0.5871074682772234
-1.0861831912437456,-0.9538733826573408,0.6111457583765305
-1.0848291167768984,-0.933556131027779,0.6325279271147652
-1.08105287386027,-0.9120220224086965,0.6510883208568207
-1.0748829041093226,-0.8895301850589427,0.6666523702359959
-1.066443487958148,-0.8662681894462213,0.6790192239153314
-1.0559336859660455,-0.8423861207672019,0.6879748628568105
-1.0435900249080852,-0.8180563821977249,0.6933284948410554
-1.0296522728496484,-0.7935279201690737,0.6949539229158482
-1.0143437027836084,-0.7691500413720428,0.6928181550783419
-0.9978681400698501,-0.7453573132701214,0.6869892258284073
-0.9804193436594618,-0.7226249608438348,0.6776261243342186
-0.962194717244625,-0.7014153415576264,0.6649593602680707
-0.9434054145735089,-0.682136193974641,0.6492701108137277
-0.9242783532380331,-0.6651225560060285,0.6308723900971023
-0.9050504576963794,-0.6506428238099096,0.6100993828151309
-0.8859588854905764,-0.638921311599931,0.5872926356470816
-0.8672318837703537,-0.6301673881172619,0.5627908849834603
-0.8490841596012076,-0.6246035632088034,0.5369144826604706
-0.8317197289607674,-0.6224884059974184,0.5099426118783796
-0.8153448961906867,-0.6241315098429736,0.4820837445139863
-0.8001938490841114,-0.6298953031240819,0.4534443860854222
-0.7865673901785342,-0.6401739803890534,0.42400768101497843
-0.7748780306704164,-0.6553386918771333,0.3936445565731443
-0.7656795041055575,-0.6756481854553772,0.3621952894795151
-0.7596431415977034,-0.7011478568518215,0.3296619005271891
-0.7574541426320283,-0.7315987617563748,0.2965024760551926
-0.7596615082835372,-0.7664476993681957,0.26390064563518656
-0.7665744277157001,-0.8047661380224344,0.23380080870326791
-0.7782295250195913,-0.845089471239804,0.20862706812125628
-0.7943227865612559,-0.8853164286383223,0.1908290261915822
-0.8141288751178258,-0.922999315226082,0.18234614078741526
-0.8366347044875722,-0.9560335267270357,0.1839816857404366
-0.8608315416461226,-0.9832762280839277,0.1950303471179092
-0.8858694540526192,-1.0046772063752438,0.2136097266913909
-0.9110723647987203,-1.0209297468559935,0.2374624737139383
-0.9359155445874946,-1.0329060754813864,0.2646203302623908
-0.9599421676043558,-1.0412072373347447,0.29371341136277307
-0.9826776799199771,-1.0460663807502348,0.3240159042606397
-1.0036451844215264,-1.0475550556222628,0.35527968516122604
-1.022455912306777,-1.0458239575205333,0.3874157227569558
-1.038870838866101,-1.041167655948172,0.4202043018257381
-1.0527916579071572,-1.033915850828498,0.45319317957746896
-1.0642203443218434,-1.0242993525686004,0.48576914309760866
-1.0732243797985672,-1.012414501116388,0.5172885237138889
-1.0798988305021642,-0.9982939054185814,0.5471809714766955
-1.0843122888789674,-0.9820126738262368,0.5749993202052295
-1.0864619492749585,-0.9637562622491417,0.6004233940900513
-1.086277344424815,-0.9438161161589326,0.6232336703252478
-1.083676469380437,-0.9225268965693606,0.6432668625634527
-1.0786354457432281,-0.9001905341791833,0.6603673028853244
-1.0712286350916573,-0.8770333098380817,0.674353394545276
-1.0616247696198777,-0.85321645246736,0.6850148545195163
-1.0500529195145227,-0.8288886846887664,0.6921413351234753
-1.0367616975186882,-0.8042499435170629,0.6955668137758284
-1.0219894917873995,-0.779594783791167,0.6952085192609861
-1.0059528269255074,-0.755317160171723,0.6910860960232386
-0.9888509178710042,-0.7318775483546419,0.6833190926228173
-0.9708790925004543,-0.7097495790631404,0.672110058390416
-0.9522421370333771,-0.6893691791979493,0.6577226955645786
-0.9331607902221384,-0.6711036615515135,0.6404616415124332
-0.913869359505013,-0.6552465807259283,0.6206565682807219
-0.8946069775371962,-0.6420335698334774,0.5986503384653553
-0.8756071658791591,-0.6316692905694885,0.5747887284681132
-0.8570901504423812,-0.6243563479048879,0.5494077433227992
-0.8392612697416567,-0.6203206700507733,0.522814783202604
-0.8223181063067342,-0.6198306600509838,0.4952623971608834
-0.8064688348561918,-0.6232067523998845,0.46691739338360017
-0.7919635846856395,-0.6308138987228721,0.43783320041252005
-0.7791366484441419,-0.6430256829960967,0.407941243207014
-0.7684465700529048,-0.6601523853064358,0.37708992826440946
-0.7604843953434021,-0.682343006667923,0.3451712837868294
-0.7559137906657492,-0.7094971488802998,0.31235793657889654
-0.7553407386542467,-0.7412236694615933,0.279391146747137
-0.7591820751758821,-0.7768215001872656,0.24774598128829603
-0.7676124699091179,-0.8151897221163413,0.21951077123876278
-0.7805414622901049,-0.8546743727999083,0.1970303176338336
-0.797525796926524,-0.8931083511367245,0.1824724963386448
-0.8177538180048106,-0.9282701227180473,0.17730369461327045
-0.840259382932911,-0.9585417825762363,0.18174241825471493
-0.8641553923211949,-0.9832953483285085,0.19465136671812264
-0.8887017327807908,-1.0028057368560606,0.21408191793168146
-0.9133101411891555,-1.0178300555974462,0.23801181638654825
-0.9375166005866143,-1.0291117089620303,0.26481141804577024
-0.9608912970558793,-1.0370754666408715,0.29340721040550294
-0.9829756677859602,-1.0418409517119502,0.3232524865642641
-1.0033215393067993,-1.0434363966484632,0.354143158179565
-1.0215807625615736,-1.0419860155569616,0.38594617384721686
-1.0375521762798283,-1.0377380287093978,0.41838844609982734
-1.0511613634061758,-1.0309645066755495,0.45100281500527406
-1.062415344595097,-1.0218539935414617,0.48319792756711516
-1.0713663688969366,-1.010486599659962,0.5143657686616483
-1.0780785697698911,-0.9968952347955189,0.5439668345400457
-1.0825866238692268,-0.9811572066169998,0.5715717090603257
-1.0848647169747845,-0.9634534260082712,0.5968639727364868
-1.08483514454958,-0.9440633156724202,0.6196174313869525
-1.0824184338190508,-0.9233066977400306,0.6396577826655818
-1.0775934463431902,-0.9014737651530024,0.6568200693172517
-1.0704318576358813,-0.878785312156199,0.670918586605609
-1.0610943232565373,-0.8554022309714855,0.6817437956370417
-1.0497996702237593,-0.8314743766821608,0.6890877237503099
-1.0367874302681797,-0.8072008896982198,0.6927845952985521
-1.0222897276155014,-0.7828724545955154,0.692747628246636
-1.0065194396559107,-0.7588775585599661,0.6889883323825964
-0.9896734953768366,-0.7356726266589271,0.6816156079055717
-0.971944981052681,-0.7137314007792988,0.6708207321081522
-0.9535358074026138,-0.6934951695623526,0.6568568913518752
-0.9346633541131943,-0.6753410988672932,0.640019611756039
-0.9155587956531758,-0.6595753583168383,0.6206308748001528
-0.896459198588276,-0.6464474548000193,0.5990268714486403
-0.8775977692787803,-0.636176662761631,0.5755471970536884
-0.8591966445322352,-0.6289814089607998,0.5505217978789796
-0.8414656803004986,-0.6251055672873718,0.5242520146770255
-0.8246100523035983,-0.6248383354758024,0.4969842317596004
-0.8088493621724498,-0.6285240073321804,0.46887851666679436
-0.7944502258851619,-0.6365542747812043,0.4399799905591503
-0.7817702303350519,-0.6493320338124495,0.4102092762884916
-0.771299945758262,-0.6671988935734813,0.37940255027152625
-0.7636720931328457,-0.6903353833321736,0.3474449892558771
-0.7595994469419979,-0.7186677880118418,0.3145247105575088
-0.7597374567210985,-0.7518157152088978,0.28144775709049064
-0.7645414104858946,-0.789051809833282,0.249827644719228
-0.7741980531197402,-0.8291794759595174,0.22196281197317613
-0.788581341349646,-0.8703533756466357,0.20043313187602985
-0.8071510910378552,-0.9101414986504571,0.18757622205646296
-0.8289615192014238,-0.946075567780698,0.18485942474847872
-0.8529245902550797,-0.9764165582004142,0.19229200647411057
-0.8780712727887962,-1.000579888366617,0.20839561086189579
-0.9036215865305894,-1.0189907747025664,0.23088489083731242
-0.9289717339649213,-1.032549141984843,0.2574974036080072
-0.9536314016856792,-1.0420484807992498,0.2865003970391164
-0.9771220371005809,-1.047891818024768,0.31686407374018677
-0.9989472429387972,-1.0502054327876138,0.3481790862498728
-1.0186671049005467,-1.0491201450604315,0.3803542251153824
-1.0359803910889558,-1.044922366922475,0.41325415301089313
-1.0507387568063582,-1.0379841810234591,0.44650172054441467
-1.0629132507935368,-1.028603965214476,0.4795047269429883
-1.0725601697547673,-1.0169270786436437,0.511593982279063
-1.0797865663706845,-1.002996424708276,0.5421521543071107
-1.0846939587500009,-0.9868671768660486,0.5706847262983841
-1.0873173721550047,-0.968696730642297,0.596835844352303
-1.087608285747296,-0.9487609430132098,0.620366904520965
-1.0854814501122376,-0.9274004998062167,0.6411119601149109
-1.0808916255834322,-0.9049398286222573,0.6589241556996249
-1.0738884097590065,-0.8816302291154503,0.6736335602806854
-1.0646238866361182,-0.857647159169096,0.6850355096476174
-1.0533223827493112,-0.8331368233974706,0.6929142060405725
-1.040237156058368,-0.8082824956166358,0.6970878448105774
-1.0256154744499297,-0.7833562370572849,0.6974524650689827
-1.00968224636484,-0.7587331211893986,0.6940069021074885
-0.9926417979143743,-0.7348646533283053,0.6868542545150793
-0.974690804221588,-0.7122264711204521,0.6761863252194198
-0.9560329443327976,-0.6912640395494769,0.6622611940041816
-0.9368874451326527,-0.6723562365410369,0.6453816629494626
-0.9174883477598288,-0.6558051327689922,0.6258781251901647
-0.8980763484479217,-0.6418485439915796,0.6040961058819508
-0.8788878256765045,-0.6306855651427966,0.5803862986206643
-0.8601457588899295,-0.622505300972657,0.5550931593898812
-0.8420560850135156,-0.617512721573999,0.5285379554509189
-0.8248121068583567,-0.6159490091681594,0.5009943424776203
-0.8086093154797617,-0.6181038642002511,0.47265843334581725
-0.7936726175474376,-0.6243134581483951,0.4436200069109378
-0.7802952164523894,-0.6349330850851019,0.41384793841361317
-0.7688798124226883,-0.6502747439746758,0.3832136304942809
-0.7599573967567241,-0.670514372121082,0.3515883018714127
-0.7541479422824152,-0.6955997718968379,0.31904276511731244
-0.7520487018396402,-0.7252024683044072,0.28611638071634954
-0.7541013251979274,-0.7587124732287889,0.25401286286179714
-0.7605266488420939,-0.7951944535163822,0.22455175215274648
-0.7713192815061166,-0.8332585744820681,0.19987782547542568
-0.7861879699776172,-0.8710193053993648,0.18209502251626797
-0.8044912067554173,-0.9063987447078723,0.17284680271331393
-0.8253675296592474,-0.93770021355173,0.17279661290015047
-0.8479687951528433,-0.9640511084633032,0.18133837443481754
-0.871560281246736,-0.9854490813379034,0.1969080221437846
-0.8955335166872889,-1.0024696182407924,0.21765183353163114
-0.9194109139471316,-1.0158330110306464,0.24194464253043677
-0.9427898345000093,-1.0260501578929373,0.2686039832830053
-0.9652570081805463,-1.0333124491667556,0.296909027888558
-0.986372580244851,-1.0376138243673474,0.32650202309056925
-1.0057384847633024,-1.0389463072492051,0.35720094089367777
-1.023075820344737,-1.037415546604858,0.38879884874421483
-1.038242987780863,-1.0332267410148763,0.4209478297160735
-1.0511977983357543,-1.0265938249642839,0.4531558728136134
-1.0619496092290905,-1.0176603980791286,0.48485365273802816
-1.0705277449716595,-1.0064891302847496,0.5154772192738802
-1.0769573548981293,-0.9931180068062736,0.5445311858455457
-1.0812327369056054,-0.9776375844374932,0.5716180107265304
-1.0833015735100082,-0.9602362189622596,0.596437194544382
-1.0830803327646956,-0.9411876328021808,0.6187644050902146
-1.0804993014117605,-0.9207946242082939,0.6384181313106431
-1.0755513072672995,-0.8993274507721272,0.6552234240178755
-1.0683167560206004,-0.8769930441465444,0.6689876274270232
-1.0589564261480597,-0.8539490903778227,0.6795006434139863
-1.0476825231366074,-0.8303518858270205,0.6865600925296758
-1.034725229859906,-0.8064119014285085,0.6900089560498717
-1.020308103396583,-0.7824304522062001,0.689768727684113
-1.0046380838402194,-0.7588021099351003,0.6858562187145081
-0.9879090086289614,-0.7359840088754325,0.6783819604663092
-0.9703128419797213,-0.7144470285131252,0.667535859710842
-0.9520510710242104,-0.6946290106980664,0.6535679043676863
-0.9333403312258183,-0.6769057924744818,0.6367695924579881
-0.9144103456037291,-0.6615859984468221,0.6174585445014668
-0.8954963015591576,-0.6489260606217899,0.5959661556928526
-0.8768298693508296,-0.6391568330456537,0.5726261281626143
-0.8586330964514899,-0.632513067237314,0.5477603706584161
-0.8411186260875372,-0.6292597374314787,0.5216588821470808
-0.8244991917029809,-0.6297114941228301,0.49455239497627507
-0.8090092276473345,-0.6342409071251928,0.46658048057113605
-0.7949404077562554,-0.6432675824447497,0.43776367767057633
-0.7826879310407454,-0.6572172098247618,0.40799815525828975
-0.7727917073586567,-0.6764439929134908,0.37710740043666313
-0.7659383066441864,-0.7011276470298197,0.344998386037616
-0.7628851768823759,-0.7311791269210799,0.31194577486853176
-0.76431064461746,-0.7661813338574558,0.27892659060836517
-0.7706676532170728,-0.8053206821937477,0.2477946485787839
-0.7821088827264052,-0.847218927519905,0.2211051621473609
-0.7984142904449095,-0.889746699661802,0.2016368133525918
-0.8188819074285254,-0.9301804748814295,0.19176687161101635
-0.8424026862239088,-0.9659048585124764,0.19274212252201853
-0.8677908325272914,-0.9952549603649882,0.2041218850258363
-0.8940414333327149,-1.0178828578487917,0.2239495557029249
-0.9203752100777272,-1.0344671336222386,0.24961768595389455
-0.946192520048287,-1.0460322301686327,0.2787457913930703
-0.9709746169222807,-1.0533341063998871,0.3096693484149336
-0.9941975677041474,-1.0566959347621359,0.3415594463327229
-1.0153564269635706,-1.0562680452994702,0.3742089261574128
-1.0340570636480948,-1.0523274784076677,0.4075858334975376
-1.0500651260103409,-1.045317566492967,0.4414500520732731
-1.063290596346065,-1.0356700360448647,0.47526006283765837
-1.073759471661907,-1.0236447626513905,0.5083082877505866
-1.0815894849474306,-1.0093328894383033,0.5398977777716185
-1.0869361622054934,-0.9927817099535801,0.5694545882539312
-1.0899074303558016,-0.9741207254517227,0.5965660469205335
-1.0905081931397582,-0.9536096340431833,0.6209671233378481
-1.0886664022719796,-0.9315993091039423,0.6424931196016819
-1.084318532435556,-0.9084459789862258,0.6610153469860516
-1.07748761650649,-0.8844373278939376,0.676384381770111
-1.0683091808818401,-0.8597732542436565,0.688406116515308
-1.0570068046790946,-0.8346054231993895,0.696860464904339
-1.043844950517245,-0.8091066731174343,0.7015498929726197
-1.0290866904909277,-0.7835314830951973,0.7023511706948754
-1.0129712870179741,-0.7582392200056496,0.6992475809372469
-0.9957130911506,-0.7336727229115877,0.6923340602195444
-0.9775145110386533,-0.7103059757132846,0.6818017007454804
-0.9585824482541195,-0.6885861617400084,0.6679133637027378
-0.9391389431724915,-0.6688926982658031,0.6509798251000094
-0.9194217326256616,-0.6515234220389572,0.6313410116947484
-0.8996761222912302,-0.6367048719454865,0.6093529916789702
-0.8801429399116236,-0.6246162980246545,0.5853786156699238
-0.8610476361054942,-0.6154170424324098,0.5597776336153597
-0.8425942778093818,-0.6092712920329785,0.5328917165761756
-0.8249669273275543,-0.6063683654026238,0.5050220281220248
-0.8083403975759456,-0.6069372401936487,0.4764010432293273
-0.7929021170506048,-0.6112501720063647,0.44716462460643214
-0.7788851107800518,-0.6196047522723513,0.4173349903802782
-0.7666059587222068,-0.6322729543825313,0.3868324019796647
-0.7564891465897927,-0.6494174046121779,0.355542762801886
-0.7490472595460249,-0.671000690929099,0.3234665470728246
-0.744797103796465,-0.6967340636690741,0.2909334670490977
-0.7441433065511763,-0.7260876521200931,0.2587816931180668
-0.7473115777346075,-0.7583086500728763,0.22835652789278824
-0.7543616653885468,-0.7923696284693303,0.2013058862022317
-0.7651815049270423,-0.8269061408105329,0.1793296447353759
-0.7794125988966347,-0.8603386947198444,0.16395529616713772
-0.7964626935749924,-0.8912252772833089,0.15620713193147553
-0.8156671315030307,-0.9186194428719181,0.15624008872656467
-0.8364087969494215,-0.9422091232163743,0.16331097800164218
-0.8581341588690158,-0.9622151070470377,0.17617345437583648
-0.8803702385485792,-0.9791411681088716,0.1935487074278082
-0.9027365255696437,-0.9934857163084252,0.21438862931816452
-0.9249022429673879,-1.005536687284416,0.23793025100963938
-0.9465255353672466,-1.0153237196829838,0.2636476574260219
-0.9672349181688509,-1.0227021765288502,0.29117253901505646
-0.9866691716233609,-1.0274872694241421,0.32021001860197545
-1.0045417186000858,-1.0295656039874193,0.3504662457656337
-1.0206762072203834,-1.0289472598009308,0.38160230820438235
-1.0349875940661126,-1.0257509615802147,0.413216333597699
-1.0474314145301518,-1.0201384985760018,0.44484776367604645
-1.057964645494682,-1.012241617496519,0.47600120867504475
-1.0665369725662972,-1.0021319905488597,0.5061852800682782
-1.0730962621551439,-0.9898519565246113,0.5349514899058447
-1.0775868714978045,-0.97547686353604,0.5619182407438116
-1.0799413473449133,-0.9591607825499557,0.5867767461120547
-1.0800829736788502,-0.941136363425205,0.609282186671324
-1.0779492068969394,-0.921674411719061,0.6292324331120452
-1.073525502737581,-0.9010324877736607,0.6464398141099611
-1.0668688955204688,-0.8794235283004537,0.6607084069604355
-1.0581089799401417,-0.857020371493212,0.671829646648118
-1.0474290839841327,-0.8339916423876648,0.6795999082529169
-1.035039298841301,-0.8105492970982411,0.6838522375555675
-1.0211531451326958,-0.7869842899090225,0.6844882246678288
-1.0059749718644126,-0.763674262804539,0.681497977746371
-0.9896993388215787,-0.7410608865058719,0.6749636964825649
-0.9725186936097366,-0.7196075802100277,0.6650498793845749
-0.9546330270840718,-0.6997550130076925,0.6519866154044492
-0.9362556777737647,-0.6818900006031116,0.6360516246260233
-0.9176125553093945,-0.6663356121685632,0.6175541302804047
-0.8989358252213752,-0.6533614017374257,0.5968211560132303
-0.8804555468254968,-0.6432068534965414,0.5741848299600546
-0.8623933373190011,-0.6361098161309189,0.5499678150631275
-0.8449616749427256,-0.6323335266270874,0.5244637256055034
-0.8283719792109404,-0.6321879341060327,0.49791097285491437
-0.8128543993536032,-0.6360408936690604,0.47046189035864866
-0.7986913391097166,-0.6443118649427562,0.4421543357488368
-0.7862625311996929,-0.6574376724639003,0.41290200294102963
-0.7760883589946619,-0.6758026166912132,0.3825345558732492
-0.7688406755589184,-0.6996398315364782,0.3509332597363313
-0.7652821499499597,-0.7289326898387717,0.3182936789618888
-0.7661270743075793,-0.7633445383121572,0.28546225188373797
-0.7718877619082176,-0.802146937435568,0.2541587462913004
-0.7827827021219713,-0.8440590774992799,0.22687314367347902
-0.7986623364746805,-0.8870404207416573,0.20642723841802002
-0.8188927957677707,-0.9283685411136149,0.19535056601189427
-0.8423868670172417,-0.9652772996234441,0.19513751438271812
-0.8679157989469091,-0.9958477953820607,0.20561349419729147
-0.8944100847131673,-1.0195020642444406,0.2249710615819518
-0.9210376778672973,-1.0368065018882262,0.2505787757226022
-0.9471606475823194,-1.048797566387105,0.2799240128619191
-0.9722367453190981,-1.0563019654065124,0.31119284144733833
-0.9957299758336338,-1.0596990327660545,0.3434493166505468
-1.0171263992051607,-1.059161159797855,0.3764444316254341
-1.036021165513182,-1.0549790935363716,0.41015137276649827
-1.0521675455534971,-1.0476225221317748,0.44434196069462073
-1.0654637537885638,-1.037557157045866,0.4784693029486313
-1.0759288039038222,-1.0250696542603541,0.5118062112311834
-1.083683009540946,-1.0102658979346542,0.5436341454551031
-1.0888941435040533,-0.9932020616726164,0.5733634061810299
-1.0916852279964444,-0.9740172188908058,0.6005743464578707
-1.0920717174383372,-0.9529825524942672,0.625003443050416
-1.089986544116081,-0.9304600285367307,0.6464925255719032
-1.0853697027988294,-0.9068139782761886,0.6649193884513307
-1.0782497927882553,-0.8823364310638633,0.6801374643520653
-1.0687701678326904,-0.8572296744343357,0.6919517576826295
-1.0571626180238574,-0.8316488835237416,0.7001404264719335
-1.0436982761433768,-0.8057735060699401,0.7045069052636636
-1.0286445680824188,-0.7798671809712391,0.7049336110098803
-1.0122433208564534,-0.7542981812952974,0.7014136785956895
-0.994710903093355,-0.7295144453968005,0.6940541131025214
-0.9762523344943681,-0.7059888158296522,0.6830581967366415
-0.9570781620212523,-0.684160941036463,0.6686997375803507
-0.9374147173976213,-0.6643982008021025,0.6512987064106535
-0.917503791948635,-0.6469844806301628,0.6312026209999692
-0.8975936069501256,-0.632132263639962,0.6087740766426447
-0.8779261360278355,-0.6200069340755957,0.5843819787890266
-0.858725877317392,-0.6107531912229824,0.5583919546762016
-0.8401937011465804,-0.6045184386877008,0.5311512715798682
-0.8225080983064819,-0.6014721600558319,0.5029662205707465
-0.8058356199739736,-0.6018203355883734,0.4740742357219322
-0.7903519914238089,-0.6058095001822608,0.4446171920807007
-0.7762736438624263,-0.6137092773000761,0.41462637794245555
-0.7638934634787935,-0.6257617979190666,0.3840357882304479
-0.7536027978077944,-0.6420989766290729,0.3527480971775691
-0.7458711111738827,-0.6626547727822019,0.3207741865372627
-0.7411662601593307,-0.6871196387720052,0.2884271557348802
-0.7398478165264922,-0.7149600334080352,0.2564742124979331
-0.7421117639418608,-0.7454528697953193,0.22611833160167913
-0.7480131993765595,-0.7776594031069525,0.19880542358837175
-0.7574713232463631,-0.8103817620844483,0.1760174135176052
-0.7702006588162889,-0.8422625400956513,0.15911727972812553
-0.7857062093698044,-0.8720651187525986,0.14909688697122264
-0.8034153340278396,-0.8989561394340952,0.1462465466652064
-0.8227862874243412,-0.9226209772065019,0.15007325900597082
-0.8433221232570959,-0.9431999214256744,0.1595958452474234
-0.8645822615492588,-0.9611035581993671,0.17375000750806519
-0.886201975671097,-0.976775911794843,0.1916395233999752
-0.9078713197962391,-0.9904992006110986,0.21259848557902133
-0.9292865732921227,-1.0023151300168218,0.23614575989432932
-0.9501184159371048,-1.0120643802452771,0.2619084440840346
-0.9700222114523441,-1.0194920507845773,0.2895548756605542
-0.9886844370806777,-1.0243607609156415,0.31875199859034564
-1.0058718111549667,-1.0265344689194025,0.34914703509606676
-1.0214452107573646,-1.026014812016,0.3803616745338229
-1.035328112313663,-1.0229195256980639,0.4119864660175141
-1.0474581385599318,-1.0174118739032272,0.4435768250941742
-1.0577604750362652,-1.009623622876167,0.4746626624163372
-1.0661531942826863,-0.9996236578265051,0.5047755073053227
-1.072562156523694,-0.9874491218595787,0.5334811068937673
-1.0769220385434448,-0.9731682468945575,0.5604029611173246
-1.079165058334046,-0.9569266452828258,0.5852315395758343
-1.0792178032659774,-0.9389487990082179,0.6077191039455377
-1.0770195018831867,-0.919500176697093,0.6276605311512231
-1.0725533449973725,-0.898837844821862,0.6448657381639523
-1.0658704436699868,-0.8771793950931359,0.6591368796194093
-1.0570928952439271,-0.8547060904181535,0.6702634765897059
-1.0463972191938995,-0.8315964711892992,0.6780394267338673
-1.0339888568382423,-0.8080715312255027,0.6822944754314382
-1.0200793356353188,-0.78442850135336,0.6829263982045343
-1.004873455169665,-0.761047474880279,0.6799217592416695
-0.9885680458994025,-0.7383685753632062,0.673360394404061
-0.9713588293777737,-0.7168502049722594,0.663406288209708
-0.9534492367737589,-0.6969254138479689,0.6502911102449422
-0.9350554949584644,-0.6789715874825462,0.634296102153563
-0.9164053050447336,-0.6633009068097624,0.6157355479216547
-0.8977311008736678,-0.6501702984782043,0.594942589670528
-0.87926126328914,-0.6398040235035211,0.5722561069940582
-0.8612132570364918,-0.6324210057580235,0.5480059055609409
-0.8437922195750984,-0.6282609768744796,0.5224932395612103
-0.8271980253423307,-0.6276055863855634,0.495965312399525
-0.8116435569773167,-0.630790326710345,0.4685857096378427
-0.7973859887969611,-0.6382000641335066,0.44040759174639016
-0.784768999189828,-0.6502378878906587,0.41136427614932575
-0.7742637969794834,-0.6672596925137486,0.38130441835147383
-0.7664811723273945,-0.6894811802570026,0.3501112289728611
-0.7621191003416086,-0.7168858176903454,0.31793312633290133
-0.7618382352259788,-0.7491648479100667,0.28548130510667846
-0.7661229277848021,-0.7856696363825646,0.254234308122815
-0.7752043599667369,-0.8252950424984742,0.22636756532172775
-0.7890143105751609,-0.8663012000496516,0.2044013366784208
-0.8070869915849489,-0.9063315225124171,0.1907043887784345
-0.8285386227654389,-0.942892121302324,0.18688656836993106
-0.8522931670964363,-0.9741026546558961,0.1931913825426548
-0.8773558685692864,-0.9991885304742097,0.20836280962340345
-0.9029132566364756,-1.0184227075033696,0.23022437631528261
-0.928330339223124,-1.0326400241555422,0.2565037070847211
-0.953095943298963,-1.0426498758894354,0.28539205184667166
-0.9767257344807925,-1.0489019313232788,0.315766516442575
-0.9987235626538935,-1.0515516059958288,0.3471446374673578
-1.0186445076812054,-1.0507316736229877,0.37940445247710736
-1.036174988902097,-1.0467229603932622,0.412416387702622
-1.0511510449754906,-1.0399023010716035,0.44581942114160666
-1.0635285517640365,-1.0305829677975316,0.4790273113575186
-1.073351844203032,-1.0189245096953847,0.511362771973758
-1.0807225827225369,-1.0049760770503904,0.5421918352468172
-1.0857450708386955,-0.9887921372961783,0.571001565778921
-1.088462053406107,-0.9705276671145397,0.5974208751492108
-1.0888314899328788,-0.9504592325901638,0.6212017667029552
-1.0867694673732273,-0.9289333229943403,0.6421750330230607
-1.0822276989373527,-0.90628380537107,0.6601948784451074
-1.0752517325423037,-0.88277155705932,0.6750937955720925
-1.0659914675615974,-0.8585786526066467,0.6866682049923023
-1.0546718351102795,-0.8338538851376588,0.6947008162509216
-1.0415487648372006,-0.808780045650844,0.6990063028579299
-1.0268728913333274,-0.7836276075360734,0.6994767340753798
-1.0108720461445035,-0.7587707532171813,0.6961080020753821
-0.9937525347149332,-0.7346615915143249,0.6890019760750734
-0.9757121845497201,-0.7117774695938512,0.6783508436926482
-0.9569554727161247,-0.69056556030617,0.6644141752813009
-0.937702558216505,-0.6714053084719608,0.6474968345899883
-0.9181887963095502,-0.6545974757245763,0.627931516729647
-0.8986565072663435,-0.6403763827224841,0.606066271760751
-0.8793436664306267,-0.6289353168970406,0.5822548577361804
-0.8604742989813586,-0.6204550930044433,0.5568458985882294
-0.8422541458403459,-0.6151296813677717,0.5301665733735814
-0.8248741586414098,-0.6131865175740363,0.5024987479118127
-0.8085240904418349,-0.6148993759596413,0.47404940236993026
-0.793418158027487,-0.6205878696067803,0.44492178139957633
-0.7798323585474481,-0.6305926701446755,0.41509959496235316
-0.7681451567894461,-0.6452160577614351,0.38446635322573114
-0.7588585523521836,-0.6646311425221086,0.35289351630343035
-0.7525648324224395,-0.6887896104236011,0.3204260172580014
-0.7498422813496697,-0.7173731289210348,0.2875379021324912
-0.7511254629630418,-0.7497949004935172,0.25532706925407683
-0.7566392519970003,-0.7851761241511481,0.22548271938206405
-0.7664010158688713,-0.8222367863253685,0.20001976086315432
-0.7801762090768067,-0.859239956427308,0.18094790320610254
-0.7974047373884504,-0.8942366457622806,0.16990961001461863
-0.8172956462140774,-0.9255799253234274,0.16770296819952518
-0.8390456498520176,-0.9523546887787492,0.17394953234878296
-0.8619457998563193,-0.9744596929529027,0.18730444289040646
-0.88539481626578,-0.9923732024877979,0.2060620059744825
-0.9089138551740055,-1.006769024342073,0.22867122793499337
-0.9321124307575686,-1.0181697290627456,0.2539611979474571
-0.9546059100604953,-1.0267961923674633,0.2811681752307249
-0.975976136774612,-1.032637313771878,0.3098626662725063
-0.9958166463296677,-1.0356240459062296,0.3398082343429523
-1.013812928624862,-1.035769245478248,0.3707947127059768
-1.0297830414321298,-1.0332029429093006,0.4025181688307741
-1.0436546857823072,-1.0281165843173794,0.4345470612938985
-1.055413881633391,-1.0206787816783287,0.466356920976599
-1.065066516565048,-1.0109870336133948,0.497395605411335
-1.0726191285435895,-0.9990854659207739,0.5271475141361878
-1.07806274410931,-0.9850298584974528,0.5551753240382334
-1.0813562183628747,-0.9689506951872047,0.5811330218581799
-1.0824252102461622,-0.9510719761754818,0.6047567282565182
-1.0811890333829182,-0.9316778455571338,0.6258407507703144
-1.0776048887505183,-0.9110530410553099,0.6442049697959926
-1.0717040059804155,-0.8894351342359891,0.659664593506627
-1.0636011503919618,-0.8670044403364673,0.6720167777219275
-1.053477540536726,-0.8439139522541809,0.6810519230670047
-1.0415503721459478,-0.8203413437349217,0.6865845325295382
-1.0280438633353726,-0.7965366306537559,0.6884891277817694
-1.01317142337145,-0.7728437435937279,0.6867263519280513
-0.9971317103338958,-0.7496878982194934,0.681351656810488
-0.9801156116839358,-0.7275361368264462,0.6725080294066053
-0.9623176665358346,-0.706848581516672,0.6604094903967794
-0.9439450048675778,-0.6880389347460754,0.6453222179809189
-0.9252195388760269,-0.6714558577295581,0.6275474539072425
-0.9063732912562928,-0.6573869876158982,0.6074074692151717
-0.8876400015888083,-0.6460796561866187,0.5852336164822883
-0.8692473000081231,-0.6377694345004276,0.5613537449525109
-0.8514133468725595,-0.632708854384621,0.5360754353939188
-0.8343511679603679,-0.6311913498969579,0.509662442243318
-0.8182836654697238,-0.6335665908775326,0.4823046238910371
-0.8034719798505822,-0.640241366230898,0.45408631255035425
-0.7902574503610785,-0.6516563673392173,0.4249655875871405
-0.7791091699534105,-0.6682286467059572,0.39479004556601677
-0.7706527138332414,-0.6902594044978536,0.36339216484985026
-0.7656397712671011,-0.7178287560513701,0.33080967704504055
-0.7648318377488504,-0.7507131798956834,0.29761946781349624
-0.7688359420395018,-0.7883245278700498,0.2652397324939575
-0.7779837558650353,-0.8295899455050183,0.23596088015137887
-0.7922631977941758,-0.872732501690363,0.21259989196748266
-0.8112090587361531,-0.9151934075348228,0.19791044582759246
-0.8338492808739487,-0.9540793927408366,0.19385984750293841
-0.8589404205262628,-0.9870585896137963,0.20088818214197487
-0.8853255859764217,-1.0130723837041453,0.21765255832617178
-0.9120880305030374,-1.0323737582203278,0.24163453708564794
-0.9385314769094927,-1.0459555571261858,0.27014468551705484
-0.9640936304484413,-1.0547933185375626,0.3010615848328191
-0.9882384224465535,-1.059417401875289,0.33314524937857914
-1.0104317538740615,-1.060028759358348,0.3659653032694986
-1.0302193937028308,-1.0568595663287026,0.39949037478404636
-1.0472992287236187,-1.0503429165948932,0.4335972712660677
-1.061524845634828,-1.040982451513145,0.4678376972954289
-1.0728796635924622,-1.0291410684100024,0.5015180724451649
-1.0814590135467521,-1.0149761745464623,0.5338968180916648
-1.087430901800639,-0.9985432636604329,0.5643341047832818
-1.0909492568390957,-0.9799437085157412,0.5923563508413917
-1.0920702368447466,-0.9594061599048013,0.6176567857987652
-1.0907467885890292,-0.9372714329612507,0.6400537681063755
-1.0869059139860306,-0.9139124641000129,0.6594237922363302
-1.0805417603806617,-0.8896487821686968,0.6756343503192785
-1.0717620359907922,-0.864708402187325,0.6885061599994163
-1.0607757834718816,-0.8392537339122724,0.697821224975682
-1.0478476473715468,-0.8134484364862575,0.7033686978377788
-1.0332502540536952,-0.7875248392758284,0.7050016108311679
-1.0172348438102472,-0.7618184703911249,0.7026771942722325
-1.0000250669796595,-0.7367564341607873,0.6964685863047497
-0.9818279236684861,-0.7128093006087842,0.6865522864423423
-0.9628509814440669,-0.6904312464733541,0.6731835984961139
-0.9433154060535915,-0.6700135067408,0.6566710786338426
-0.9234589359220898,-0.6518645295923959,0.6373559056873453
-0.9035290606457216,-0.6362158644462509,0.6155976215995013
-0.8837708585450545,-0.6232438245946694,0.5917645906325844
-0.864414843071348,-0.613095915986794,0.5662251534761614
-0.8456689485791747,-0.605915304135785,0.5393345726621953
-0.8277173044703248,-0.6018614189590098,0.5114146871834303
-0.8107276734043872,-0.6011262501294746,0.4827272041328242
-0.7948691570431277,-0.6039426204318218,0.45344587803062675
-0.7803407139897709,-0.6105748151900564,0.42363670729670516
-0.7674067068752978,-0.6212790805992894,0.39326047666329905
-0.7564256340179983,-0.6362294998550581,0.3622196708514227
-0.7478457367123487,-0.6554275923733417,0.330473945553538
-0.7421433081939312,-0.678639403313906,0.2982221644179633
-0.7397178598281227,-0.7053968257704758,0.2660795925329737
-0.7408140259868402,-0.7350371705180798,0.23512008991201178
-0.7455259053708911,-0.7667003408789211,0.2067258199914664
-0.7538212326334178,-0.7992773131664331,0.18236940575359156
-0.7654892336135477,-0.8314502684874009,0.16345660310169774
-0.7800966469915306,-0.8619245954322566,0.15112454722119742
-0.7970849347880423,-0.8897293559541184,0.14591271270561662
-0.8159035458994989,-0.9143900052657312,0.14756887782808187
-0.8360460019860528,-0.9359161592665947,0.15523635283471743
-0.8570541189182889,-0.9546517831793977,0.16785588124220022
-0.8785408452522665,-0.9710495858533367,0.184476197072672
-0.9001847082803592,-0.9854543434844254,0.20436895662382384
-0.9216863933401004,-0.9979833741557889,0.22700787416046048
-0.9427279521588641,-1.0085309080081692,0.2519961558496746
-0.9629679334398661,-1.0168574373883466,0.27899444256633094
-0.9820774413286532,-1.0227045261643801,0.3076709351677321
-0.9997923022164806,-1.0258907476879848,0.3376777809746386
-1.015942103751425,-1.0263661923829452,0.3686444139472536
-1.0304332647120207,-1.0242122441711838,0.400173196693803
-1.043201996420999,-1.019585510294409,0.43183321404595465
-1.0541770737756804,-1.012636377271805,0.4631628051720205
-1.063275499532377,-1.0034561077470643,0.4936902281727344
-1.0704178801794877,-0.9920863708532259,0.5229658228514767
-1.0755360868885642,-0.9785761081877455,0.5505900311227946
-1.0785644677781343,-0.9630389943869149,0.5762282170381889
-1.0794308641107773,-0.9456727076268734,0.5996110666815314
-1.07806647674568,-0.9267332338564989,0.6205204922699379
-1.0744344100259307,-0.9064859944550219,0.6387639670026515
-1.0685586749622233,-0.8851651449087211,0.6541481395078679
-1.060535726962329,-0.86296336307939,0.6664661894712625
-1.0505243406000082,-0.840055666378857,0.6755070162765383
-1.0387220285051222,-0.816642932434031,0.6810827907539719
-1.025340092775838,-0.7929922341953712,0.6830625840508634
-1.0105865971550905,-0.7694544911794466,0.6813984387962256
-0.9946609887831671,-0.7464518612773996,0.6761359711699724
-0.9777585606262669,-0.724441156918534,0.6674096798325424
-0.9600792589332879,-0.7038688847936457,0.6554284466955778
-0.9418346179244945,-0.685134679793196,0.6404574984193471
-0.9232488374702306,-0.6685738252708016,0.622801050404702
-0.9045537029940472,-0.6544605912712524,0.6027872734506546
-0.8859800537490101,-0.6430270622607601,0.5807550182189001
-0.867749718958819,-0.6344894699502575,0.5570399935722729
-0.8500716574651666,-0.6290752297382057,0.531957314305886
-0.8331454724041917,-0.6270462760918816,0.5057782541264753
-0.8171751260753948,-0.6287150514026008,0.47870177351353976
-0.802395172530368,-0.6344473159465088,0.4508256077126806
-0.7891094162387815,-0.6446423319430683,0.42212807644723727
-0.7777345172000324,-0.659680727104346,0.39248241267295864
-0.7688269369076091,-0.6798399415058717,0.36173914001956275
-0.7630583125243802,-0.7051978927674915,0.3299131617961633
-0.7611157511362141,-0.7355599821222724,0.29746611824749525
-0.7635589164175456,-0.7704156493851464,0.2655673377842318
-0.7707167237633952,-0.8088592658196455,0.23613960267600395
-0.7826437622947481,-0.849421962494487,0.21160244749089166
-0.7990439091801097,-0.8899741933834859,0.19442506628926573
-0.8191904818879441,-0.9280162560749498,0.1865734735812841
-0.8420562258078579,-0.9613712327786549,0.18887228029956865
-0.8666039185437567,-0.9888248898294831,0.20062836600907885
-0.8919545144508763,-1.0102815074251215,0.2199501025597787
-0.9174105734348401,-1.026418050334847,0.24454451482330736
-0.9424263680636635,-1.0381030032108811,0.2724008600139313
-0.9665213179205223,-1.0459347997227313,0.3021284530395678
-0.989204821663507,-1.0501538344621124,0.33301194301055365
-1.010001996386741,-1.0508644053809086,0.3648233079801301
-1.0285400478625253,-1.0482721363634147,0.39747115092898483
-1.0445959399588423,-1.0427218772969904,0.43070143227883967
-1.058080364907965,-1.0345638062966054,0.4640135997038669
-1.0690027112507976,-1.0240202502488116,0.4967557669925715
-1.0774422812540925,-1.0111736873691788,0.5282669994938511
-1.0835059750320297,-0.9960608499713196,0.5579797873415095
-1.0872650445579446,-0.9787845346676991,0.5854630202016415
-1.088709888052945,-0.9595691992221986,0.610418624374276
-1.0877651191248388,-0.9387381377029372,0.6326477295731273
-1.0843574056829426,-0.9166385944733773,0.6519990285409829
-1.0784865734269644,-0.8935664888596351,0.668317190460495
-1.070257430390094,-0.8697349923684898,0.6814134562962753
-1.0598655438196836,-0.8452995564937584,0.6910720942920799
-1.047556943410827,-0.8204195275679296,0.6970877724895123
-1.0335867260501337,-0.7953214414007879,0.6993134221051934
-1.0181928116863108,-0.770333556170341,0.6976963632724289
-1.0015893600444388,-0.7458781206457772,0.6922910903947043
-0.9839755351843337,-0.7224283466596669,0.683250560058982
-0.9655507389002502,-0.7004514751656596,0.6708055292776594
-0.9465270529548987,-0.6803614129211389,0.6552415576638893
-0.9271331072948761,-0.662495512909335,0.63687934309902
-0.90760894156704,-0.6471172482871177,0.6160601362993615
-0.888195556333532,-0.6344370044583315,0.5931351674808798
-0.8691241290123939,-0.6246403177409575,0.5684558220985096
-0.8506090529768294,-0.6179154437796035,0.5423601616136888
-0.8328477419846936,-0.6144763757991784,0.5151524290877704
-0.8160295581263223,-0.6145795146242654,0.4870754521888911
-0.8003561066143463,-0.618530134761187,0.45828021278623277
-0.7860740368506218,-0.6266697850097999,0.42880197917407403
-0.773516443640242,-0.6393328405866121,0.398560353043804
-0.7631368987357093,-0.6567674503892801,0.3674126797120347
-0.755504525698077,-0.6790380663766687,0.33529659633793885
-0.7512293675249099,-0.7059518101254928,0.30246789570671767
-0.7508319762555687,-0.7370404681102348,0.26974951596486474
-0.754637969065562,-0.7715573911176702,0.23861803181378477
-0.7627577272154729,-0.8083983784459816,0.21102433029898965
-0.7750727563674596,-0.8459863202791705,0.18906301556683122
-0.7911526332983129,-0.8823668380682058,0.17462177779934565
-0.8102609852404503,-0.9156504967410632,0.16893454450934217
-0.8315566428241483,-0.9445448304322773,0.1721196868305968
-0.8542706722321132,-0.9686074266743494,0.1831403941165424
-0.8777437277484698,-0.9881249422704655,0.2003146895932365
-0.9014390270644668,-1.0037567123674722,0.2219347593490248
-0.9249332099609968,-1.016135721511815,0.2466237075702318
-0.9478415982182138,-1.0256183714686713,0.2734354037726936
-0.9697508940670095,-1.0322764770897757,0.30181738963893434
-0.9902355568526695,-1.0360557072855359,0.3314870146994575
-1.008936479169566,-1.0369461979864723,0.36225340466485684
-1.0256228837598051,-1.0350569537357588,0.3938605411123049
-1.0401897372817295,-1.0305805889247364,0.42591774487571066
-1.0526108807724894,-1.0237063630916825,0.4579178319998398
-1.0628938407956463,-1.0145552996137195,0.48930181947700235
-1.0710543456609327,-1.0031807165939242,0.5195305990015192
-1.077097677457869,-0.9896267696321491,0.548136910987967
-1.080998350037219,-0.9739991453082609,0.5747468379983264
-1.0826916938248103,-0.9564993372271255,0.5990754937831902
-1.0820939089369692,-0.9374037383407846,0.620905570339424
-1.0791458257683892,-0.9170062102364316,0.6400551484768118
-1.0738554849853037,-0.8955623434446401,0.6563444182661724
-1.0663163417534094,-0.8732671798669353,0.6695759501243493
-1.0566960971316919,-0.8502756033797187,0.6795392745385028
-1.045207490002853,-0.8267516817780871,0.6860380841044376
-1.0320770132244665,-0.8029209637916581,0.688926977731272
-1.017523184604478,-0.7791011680167359,0.6881417341818069
-1.0017489327045284,-0.755698762590406,0.6837129628531573
-0.9849463693325022,-0.7331749575521103,0.6757624110883201
-0.9673079976041465,-0.7119969955208407,0.6644879397426677
-0.9490371013248943,-0.6925941996564039,0.6501445334082684
-0.9303520290565223,-0.6753329461546309,0.6330263872195778
-0.9114831375055421,-0.6605149363195837,0.6134520649127005
-0.8926648947600591,-0.6483943717234485,0.5917522866311101
-0.8741273674914699,-0.6392053461003848,0.5682579991755573
-0.8560911898476975,-0.6331911408361101,0.5432852173767321
-0.8387693813991641,-0.6306298024368548,0.517113533924747
-0.8223789984148294,-0.6318522283541735,0.4899576043348643
-0.8071654534610129,-0.6372478367743255,0.4619350880328079
-0.7934408390115185,-0.6472491862946558,0.4330409792444892
-0.7816314005054434,-0.6622846989538936,0.4031494950834041
-0.7723150403206718,-0.6826950018214155,0.3720817255058916
-0.766211711583132,-0.7086279453189201,0.33978730061507156
-0.7640911685204569,-0.7399477052507836,0.3066527403762472
-0.7666141902891532,-0.7761746809106771,0.2738330418372236
-0.7741933915792855,-0.8163957975826409,0.24337787571334293
-0.7869211408778001,-0.8590675304084964,0.21798686161274475
-0.8044788731502249,-0.9018572503109572,0.20047715198735003
-0.8260400397070707,-0.9419149777446308,0.19310599074562163
-0.8504133212099058,-0.9766806494813742,0.19681191155503605
-0.8764021935270941,-1.0047073273096718,0.21075675247411324
-0.9030264471987423,-1.0259051481858075,0.23268899710533444
-0.9295371346118927,-1.0411200639720024,0.2599034327408333
-0.9553494005557073,-1.0513895549997487,0.2900841645261062
-0.9799331352816647,-1.0573816922653367,0.3217295664829839
-1.0027521605921912,-1.0593564224369827,0.3541942681830135
-1.023318283699302,-1.057495823716513,0.38737580617248607
-1.041278418757345,-1.0521612653992665,0.42121980668971726
-1.056440205913493,-1.0438470526850878,0.4553882528753791
-1.0687484250500654,-1.0329689108493914,0.48925298087209335
-1.0782632980083038,-1.0197406170584584,0.5220743917460191
-1.0851328133052294,-1.004230918553565,0.5531730088948731
-1.0895214259629453,-0.9865094229587622,0.5820197507524402
-1.0915186546937108,-0.966756115266073,0.6082547875536685
-1.0911038452118509,-0.9452776681868557,0.6316589626972917
-1.0882001937158263,-0.9224441586266429,0.6520945744709885
-1.082769717764486,-0.8985989796216364,0.6694364360363229
-1.0748786054357595,-0.8740005379714098,0.6835220202406516
-1.0647033693712458,-0.8488266516155432,0.6941431868992426
-1.052493337969668,-0.8232309412739282,0.7010805030844408
-1.0385211488809085,-0.7974142685142878,0.7041587462518022
-1.0230460186615247,-0.7716735604864292,0.7032947704082709
-1.0062996874210623,-0.7464068369765308,0.6985195114595518
-0.9884922590962878,-0.722076143219482,0.6899731288787798
-0.969828320778023,-0.6991489879400865,0.677883643978614
-0.9505223305053618,-0.6780447553092696,0.6625410911598371
-0.9308054694102488,-0.6591045069097301,0.6442749286766085
-0.9109220683344391,-0.6425882533923474,0.6234375639072275
-0.8911188786808808,-0.6286922672306994,0.6003933883909043
-0.8716325124946896,-0.6175750523728571,0.5755101206066573
-0.8526797215922561,-0.6093832895997907,0.5491476681166979
-0.8344536523186529,-0.6042741542395553,0.5216404619658818
-0.8171281769462843,-0.6024333956330568,0.4932725489622858
-0.8008720647317686,-0.604087043590962,0.4642491108850452
-0.7858742021438566,-0.6094992816422434,0.4346721265807249
-0.7723781898401716,-0.6189442833031511,0.40453256811871546
-0.7607165330120668,-0.6326430672079943,0.37373896809677887
-0.7513215793739871,-0.6506742142970425,0.3422086698991861
-0.7446843032965866,-0.6728947587468899,0.3100349650744827
-0.7412568062479216,-0.6989164925610276,0.2776864019979244
-0.741352209037758,-0.7281375050396516,0.24611660257516466
-0.7451178054386748,-0.7597562650802008,0.2166767326326696
-0.7525640347554297,-0.7927193917513654,0.19089230366674204
-0.7635373820564909,-0.8257084321546102,0.17026954509373932
-0.7776529147254246,-0.8573204453059701,0.1561087694447331
-0.79434894212576,-0.8863926769255221,0.14918530897066773
-0.8130380696587072,-0.9122519819757677,0.14946408138919182
-0.8331787587928492,-0.9347634229254219,0.15617639786777326
-0.8542790639618788,-0.9542061374292204,0.16821475514547268
-0.8759176565567066,-0.9710472269995934,0.18451269319787925
-0.8977499608085313,-0.985699162702172,0.2042241978506295
-0.9194681544671656,-0.9983607490997312,0.22673530787265211
-0.9407520285344955,-1.0089914162579303,0.25160056161595273
-0.9612541852833523,-1.0173901353159016,0.2784670039656035
-0.9806319524646678,-1.0233143794321073,0.30701233458094085
-0.9986029485029215,-1.026584850459117,0.336905948600325
-1.0149816057248888,-1.027147180413203,0.36779051205959357
-1.029668249775431,-1.0250770064443735,0.399273419418524
-1.042602711267094,-1.0205279436617656,0.4309220418418867
-1.0537228634227214,-1.013651608489601,0.4622693121701375
-1.0629549308983937,-1.0045429369217191,0.4928370439392351
-1.0702256882488927,-0.9932466416197628,0.5221699957875118
-1.075469805896044,-0.9798124073272928,0.5498646981845451
-1.078622243032982,-0.9643528995308638,0.5755839818356758
-1.0796103696008046,-0.9470646007463546,0.599056827708263
-1.0783643388608353,-0.9282031658986841,0.6200642063403087
-1.0748458876464175,-0.9080344642509662,0.6384136314593349
-1.0690776947989074,-0.8867929322620964,0.6539126655052387
-1.061155302606378,-0.8646702038682763,0.6663556701412259
-1.0512371789448138,-0.8418382148238638,0.675532213554243
-1.0395210434703162,-0.8184928964635173,0.6812540619203933
-1.0262186023202986,-0.7948955996182223,0.6833886714719754
-1.0115381021143468,-0.7713923442465213,0.6818854947495622
-0.9956785978635572,-0.7484026828732739,0.6767869758964274
-0.9788342866929336,-0.7263839063812868,0.6682242050042861
-0.9612034858920235,-0.705785971496338,0.6564026326817332
-0.9429959757271649,-0.6870141114069306,0.6415841392472332
-0.9244345612122907,-0.6704102886750541,0.6240697361423185
-0.9057503945029514,-0.6562557094850866,0.6041845832392789
-0.8871746920240994,-0.6447893468099472,0.582264796967986
-0.868930779637323,-0.6362344629156568,0.5586437742360983
-0.8512302541469393,-0.6308260874315768,0.5336349144620994
-0.8342764933902657,-0.6288347767743949,0.5075084405846079
-0.8182784181478225,-0.6305828816447403,0.48046268518766405
-0.8034769526599367,-0.6364475356741612,0.4525944613670024
-0.7901842911521508,-0.646840984823699,0.4238797164504421
-0.778828670849877,-0.6621583823292233,0.3941867994225642
-0.7699828610876478,-0.6826923620656579,0.36335941273146827
-0.7643403582147359,-0.7085342782746111,0.33140874037522217
-0.7626138366254911,-0.7394968772369046,0.2988078362084936
-0.7653866952127919,-0.7750642699688414,0.2667689649734762
-0.7730019714156199,-0.814302211368065,0.23729842936947312
-0.7855099984339109,-0.8556753301978258,0.21292767823112052
-0.8025830136757226,-0.896944110045372,0.19623027654864972
-0.8234361063790789,-0.9354809586642893,0.1892200922435019
-0.846977204085316,-0.9690168151492263,0.19267431901060084
-0.8721202224278409,-0.9963226980915059,0.20576359727264915
-0.8979600674852115,-1.0173605767281626,0.22642792555804012
-0.9237894019280051,-1.0328887884179434,0.25223535694005594
-0.9490533363519846,-1.0438241322472415,0.28110024113125953
-0.9732528438201823,-1.0507657787150408,0.31163316504856226
-0.9958794578490465,-1.0539474621155362,0.3431783074064171
-1.0164574629306238,-1.053504802509693,0.3755697034429796
-1.0346305698556117,-1.0497106352075731,0.40872629723592385
-1.050196667559626,-1.0429696991407371,0.4423492945242701
-1.0630855515271134,-1.033651109647177,0.4758774888705216
-1.0733289356530704,-1.021962981455259,0.5086193737767838
-1.0810330268954413,-1.007974010760956,0.5399071803290809
-1.08632505388555,-0.9917323405189429,0.5691925560658007
-1.089279020477618,-0.9733766176920391,0.5960776521802182
-1.0898757451474506,-0.9531724664257843,0.6203004639869854
-1.0880359491736211,-0.9314687447134827,0.6416902628871689
-1.0837009895010485,-0.9086133203742072,0.6601082976253869
-1.0769015421415247,-0.8848843396949461,0.6753963600336178
-1.067777055219693,-0.8604755841867656,0.6873562565901041
-1.0565497937531851,-0.8355375779038973,0.6957688649304896
-1.043479419861343,-0.8102458631730124,0.7004404824494743
-1.0288232599747926,-0.7848592696924428,0.7012516712994042
-1.0128156251679723,-0.7597413277889129,0.6981874759101284
-0.9956672802478868,-0.7353381599251474,0.6913419995541784
-0.9775781715815566,-0.7121265342983212,0.680903380669067
-0.9587533240554507,-0.6905567040328646,0.6671302683544202
-0.9394130572528474,-0.6710120244650875,0.6503287296420945
-0.9197934257591748,-0.6537954077009078,0.6308339318017311
-0.9001382821704084,-0.6391398336472529,0.6089972437926592
-0.8806876175043552,-0.6272328294391579,0.5851767352388766
-0.86166713548951,-0.618244570857899,0.5597270295054475
-0.8432827647576615,-0.6123533226474573,0.5329840308252595
-0.8257226564327522,-0.6097659921525203,0.5052421305078322
-0.8091688015528956,-0.6107322039575421,0.4767254475998458
-0.7938201782926785,-0.6155466255161666,0.4475590852965654
-0.7799274626570429,-0.6245289419515065,0.417751535743984
-0.7678326658504503,-0.6379702607746457,0.38720764159322485
-0.7579936853107272,-0.6560467133068618,0.3558022131822465
-0.7509611892643735,-0.6787268765602386,0.3235425677751368
-0.747287396922622,-0.7057192387139687,0.29080284229015785
-0.7474018683926458,-0.7364776941579955,0.25851870829562734
-0.7515407311104981,-0.7702035891706271,0.22818399385029106
-0.7597540764466423,-0.8057683993467751,0.20162407010693692
-0.7718854182882904,-0.8416437873916558,0.1807069472255108
-0.7874928570408882,-0.8760644541905848,0.16705637782388183
-0.8058906502395219,-0.907453920310121,0.1616490547717638
-0.8263401163306868,-0.9348330730519181,0.16443969949874485
-0.8481706784818129,-0.9579526190217375,0.1744187215687319
-0.8707952968567867,-0.9771400737668321,0.19010798264100653
-0.8937296752981577,-0.9929869193107412,0.21007060532385932
-0.9165878119228824,-1.006022235720405,0.23316705514306785
-0.9390173770423026,-1.0165173753237209,0.258599614756854
-0.9606394113822865,-1.0244834817205848,0.28585920575778134
-0.9810553152956873,-1.0298003197499217,0.3146279101340675
-0.9999124100171122,-1.0323654779922207,0.34465996984034836
-1.0169672553237283,-1.0321834829731609,0.37567795897115125
-1.0320950331515168,-1.0293705912416387,0.4073176907885901
-1.0452477315249202,-1.024095726080402,0.4391248674543736
-1.056404038326687,-1.0165048423371879,0.47058708449061926
-1.0655434598170717,-1.0066816489078594,0.5011838436197043
-1.0726401606312392,-0.9946698101867248,0.5304358029562348
-1.0776566248396693,-0.9805351692387554,0.5579360018481324
-1.0805339478719203,-0.9644197654046982,0.5833583176059406
-1.081194060302936,-0.9465512044966775,0.6064483491110814
-1.079564672694045,-0.9272058171818343,0.6270014441486854
-1.0756172501276657,-0.906653316909725,0.644832963432901
-1.0693959356831269,-0.8851173874374046,0.6597521020597396
-1.061022415914421,-0.8627729165926851,0.6715529309780102
-1.0506780788987047,-0.839778825925772,0.6800285511489207
-1.0385755972130164,-0.8163278823560491,0.6850020752741856
-1.0249329900241193,-0.7926886365643085,0.6863603522224975
-1.0099584103238257,-0.7692204946979327,0.6840770314062682
-0.9938477546576824,-0.7463564972042451,0.6782188575695814
-0.9767919087607311,-0.7245626623641817,0.668937347697789
-0.9589873091900081,-0.7042912711123076,0.6564523723389231
-0.9406434340589631,-0.6859452260570544,0.6410338676222967
-0.9219836639681132,-0.6698633806996295,0.6229852957622798
-0.9032399178022484,-0.6563273636209069,0.6026298120125682
-0.8846443507089393,-0.6455835768302302,0.5802979773565619
-0.8664222926180706,-0.637871802510622,0.5563142362936951
-0.8487901957140602,-0.6334533050728811,0.5309787944974155
-0.8319618010283252,-0.6326337287510106,0.5045427312685336
-0.8161655351870998,-0.6357766527628335,0.47717729119642177
-0.8016756069376945,-0.643301228229947,0.44894329610585576
-0.788856040711828,-0.6556537867953455,0.4197749529177204
-0.7782071931425748,-0.6732441386880598,0.38950666319272426
-0.7703869535669521,-0.6963493051961107,0.35798841644868973
-0.7661657984964549,-0.7250096811181828,0.3253308316084848
-0.7662969426731084,-0.7589502270968687,0.2922497100512789
-0.7713527820536534,-0.797511308134671,0.260340080069212
-0.7816145121249594,-0.839501820964125,0.2320433005023869
-0.7969972720357507,-0.8829735156064803,0.21024250617714882
-0.8169308179502169,-0.9252164145816347,0.19763315270355167
-0.8403488725838036,-0.9633245152720452,0.19596332343237408
-0.8659799975059933,-0.9951292513389118,0.20532471019552853
-0.8926906651518483,-1.0198229512920511,0.22405343548741344
-0.9195988199121298,-1.0378635008410322,0.24948133625007568
-0.9460337614501797,-1.0503111875151423,0.2789460421401307
-0.9714358626315748,-1.0580794578864037,0.3104644819402773
-0.9952589917416216,-1.0616120492455714,0.3429759522839807
-1.0169754301304952,-1.061097060991026,0.3761831363085267
-1.0361618071988237,-1.0568253246979604,0.4100748004069215
-1.0525537372736105,-1.049285193287598,0.4444551087045705
-1.0660362012647135,-1.03897977010358,0.47879010840113456
-1.0766209805547367,-1.0262309656247839,0.5123433632089214
-1.0844305305413082,-1.0111635510182728,0.5443781198360241
-1.0896460996238762,-0.9938379504824175,0.5742881096660872
-1.0924101380052382,-0.9743915216317051,0.601643597092845
-1.092753695953901,-0.953094413454686,0.6261785605071422
-1.0906161227495605,-0.9303109274974195,0.6477382947666519
-1.0859367728485283,-0.9064105683947431,0.6662065767307845
-1.0787417620559263,-0.8816910461155153,0.6814418008902129
-1.0691737162043864,-0.8563588299014994,0.6932509648207451
-1.0574662297646389,-0.8305713060420348,0.7014115224313837
-1.043893787934702,-0.8045087633154984,0.7057252927613855
-1.0287273956871477,-0.7784350025639306,0.7060740259863354
-1.0122119014780293,-0.752717997282716,0.7024520343020645
-0.9945660283458386,-0.727804617816378,0.6949692052968812
-0.9759967566962962,-0.7041653985693574,0.6838327431967761
-0.9567165050678034,-0.682236273359305,0.6693207263406393
-0.9369535014526892,-0.662379784592378,0.6517572883845593
-0.9169513421299011,-0.6448742967156896,0.6314938426095353
-0.8969597002546906,-0.6299262394228222,0.6088966960434996
-0.8772213409718994,-0.6176940481785148,0.5843384859502508
-0.8579605967728187,-0.6083138423903404,0.558188771875368
-0.8393769293587153,-0.6019220983599367,0.5307990551417981
-0.8216458473583242,-0.5986747238954734,0.5024802933253928
-0.8049288558556691,-0.5987617984476833,0.47347539100355585
-0.7893937660612469,-0.60241256241565,0.4439332230872627
-0.7752450256028786,-0.6098793383818886,0.4138944040258088
-0.7627581069266294,-0.6213886208878884,0.38330440340913696
-0.7523008717714692,-0.6370601070705959,0.3520763269123703
-0.744314773921285,-0.656820444097847,0.32022193326178205
-0.7392397549644899,-0.680358768034787,0.28803197698805977
-0.7374135457146271,-0.7071487888586385,0.2562152313082178
-0.7390202856062804,-0.7364921720114486,0.22587758146683157
-0.7441163565815625,-0.7675089317871271,0.19834045914307963
-0.7526432630181916,-0.7991040824549406,0.17495615050683583
-0.7643640755690555,-0.8300497253197211,0.156990383222771
-0.7788449514650015,-0.8592215286204358,0.1454210705044984
-0.7955668381498022,-0.8858406812415714,0.1406324582574291
-0.8140307438177518,-0.9095796589655123,0.14229550613376346
-0.8337741038141047,-0.9305221563168917,0.14959441630907525
-0.8543777450928186,-0.9490180201082093,0.16159002221446145
-0.87548614349944,-0.9654781371754176,0.17746915451837678
-0.8967976418139487,-0.9801863399847089,0.196621379071483
-0.9180261356752458,-0.9932033235120964,0.21860284067932703
-0.9388676129571396,-1.0043789862098556,0.24306009293888498
-0.958996188960244,-1.0134373335559843,0.2696620012355191
-0.9780943303610484,-1.0200834487349326,0.2980614436036671
-0.9958991456447686,-1.0240955251739654,0.32788821775886623
-1.0122321997068642,-1.0253831200881574,0.35875744743470867
-1.0269888431104854,-1.023997538718962,0.3902727986199913
-1.0400954213193985,-1.020085964537123,0.42201793889177613
-1.051470432138188,-1.0138093917146234,0.4535490504645645
-1.061017501614164,-1.0052757576627036,0.48440429552985054
-1.0686431914048122,-0.9945321245344733,0.5141305363984415
-1.0742708606920006,-0.981613664360995,0.5423133117672879
-1.0778345485467242,-0.9666070687609213,0.5685975016231656
-1.0792649457712167,-0.9496837989859636,0.5926940806617449
-1.0784903503006449,-0.9310866739142346,0.6143713309973333
-1.0754600463837773,-0.9110848074214951,0.633431715726346
-1.070175595507761,-0.8899274261978756,0.6496835948638923
-1.062709458475437,-0.8678230485536337,0.6629227985429489
-1.0532016328052383,-0.8449536119566387,0.6729351418982239
-1.0418393178447571,-0.8215138224506092,0.6795198672854534
-1.0288314056935575,-0.7977540128246883,0.6825235675328954
-1.014388488716477,-0.7740048932760781,0.6818703002693096
-0.9987139400786903,-0.7506727926894191,0.6775775751875343
-0.9820057602881752,-0.7282081048389206,0.669755984857067
-0.9644644707299804,-0.7070607722763426,0.6585968702483708
-0.9463007244307733,-0.6876400988252623,0.6443545445464589
-0.9277378140078959,-0.6702916360159047,0.6273281464441994
-0.9090077402585817,-0.6552951014446476,0.6078456004572541
-0.890342848609807,-0.6428793601127921,0.5862497946578928
-0.8719667473853633,-0.6332467550071622,0.5628851486389115
-0.8540883179554275,-0.626599650040218,0.5380816043755673
-0.8369020506740289,-0.6231645796117377,0.5121335116999979
-0.8205974633124897,-0.6232108407620346,0.48527317522835617
-0.8053799511380562,-0.6270588789291323,0.4576424964083708
-0.791503903322117,-0.6350701436687156,0.4292711536787602
-0.7793137935957,-0.6476081402688137,0.400077652999844
-0.7692777778029075,-0.6649663963853801,0.369921048399925
-0.7619844377920553,-0.6872768563245237,0.3387375506383274
-0.7580738691358635,-0.714432276364559,0.3067715935637376
-0.7581127944637024,-0.7460474099337919,0.2748310125057441
-0.7624828686474161,-0.7814241210518404,0.24440641145126699
-0.7713387777125991,-0.8194448127973706,0.21753299105257556
-0.7845748814101733,-0.8584385537475604,0.19645796760985465
-0.8017370284365465,-0.8962688350880541,0.1832297811550584
-0.8220276226114562,-0.9308052478190479,0.17918289923642527
-0.8445144206323769,-0.9605350657439425,0.18443660580150875
-0.8683369892904008,-0.9848935841857176,0.1978455934190754
-0.8927707431594246,-1.0041560096902264,0.21753750852624038
-0.9172362217601931,-1.0190296119355189,0.2415927373819113
-0.9412677660544495,-1.0301913306318926,0.26846834296364763
-0.9644288216982871,-1.0380186727589515,0.29714812815388053
-0.9862626729064786,-1.0426184600390755,0.327109885317167
-1.0063366199873782,-1.044030827813911,0.3581429734466407
-1.024323246381224,-1.0423961479926338,0.3900887719545826
-1.040035675582177,-1.0379678319801617,0.4226468277576359
-1.0534029832894758,-1.0310095513231823,0.45533169637188253
-1.0644283193864934,-1.0216953545956757,0.4875445898155358
-1.0731571972207188,-1.010095102047308,0.5186780290598776
-1.0796455988777869,-0.9962422612522737,0.548197035344779
-1.0839189476889013,-0.9802251417293631,0.5756775705456549
-1.0859433876344189,-0.9622400306056081,0.6008078806794922
-1.085638212444225,-0.9425786736190424,0.6233647988822799
-1.08292811115034,-0.92156585273409,0.6431744333644352
-1.077801759434774,-0.8994900457210755,0.6600694208221868
-1.0703423600036974,-0.8765680890821671,0.6738603768761556
-1.0607200643838417,-0.8529598910319609,0.6843356240257003
-1.0491592874889646,-0.8288205286401171,0.691289109844809
-1.0359013418431418,-0.8043604643264238,0.6945619142735604
-1.0211776818509959,-0.7798846960578985,0.6940780012669874
-1.005199840560299,-0.7557945188143089,0.6898613264157945
-0.9881642222527103,-0.7325538227068652,0.6820327662406411
-0.9702649263271745,-0.7106367993866214,0.6707937334765984
-0.9517062065463883,-0.6904789968012,0.6564052390727143
-0.9327082575918673,-0.6724481790300398,0.6391684640101013
-0.9135045629702883,-0.6568403699246457,0.6194093072820384
-0.8943333392919485,-0.6438963704740387,0.5974666061121053
-0.8754276113054706,-0.6338291488552588,0.57368158030894
-0.8570082327675581,-0.626853104635533,0.5483846262751416
-0.8392831688258496,-0.6232096238411329,0.5218758403420906
-0.8224557623338423,-0.6231859559178838,0.4943980904167227
-0.8067446193376202,-0.6271236909017026,0.4661055145027929
-0.7924169158942194,-0.6354090818094067,0.43703579052026775
-0.7798324407681535,-0.6484339486510458,0.4071033235677799
-0.7694838920440219,-0.6665201553912526,0.3761447262401493
-0.7620014001418903,-0.6898190297921868,0.3440597961874693
-0.7580840917698252,-0.7182222351363494,0.3110698379685504
-0.7583603851020791,-0.7513169630343404,0.2780233611228207
-0.7632525127019857,-0.7883506015027466,0.24655796648305436
-0.7729197378281089,-0.8281101074665504,0.21894978752461283
-0.7872179224946455,-0.8687551784213016,0.19770920387052246
-0.8056006899581002,-0.9079073859776816,0.18507925022347418
-0.8271396717788011,-0.943207046018732,0.18243121171073748
-0.8507866110788425,-0.9730378309530184,0.18971034207181253
-0.8756123353014867,-0.9968960001370104,0.20544387798085534
-0.9008640384606309,-1.0152229593271411,0.22742025215018674
-0.9259565412076929,-1.0288895233367386,0.25347614114350736
-0.9504153548257436,-1.0386520298405104,0.28195817482454916
-0.9737763666150328,-1.0448900318604304,0.3118715655889487
-0.9955530782822615,-1.0477119424752346,0.3428005987869718
-1.015307753140223,-1.047219034524816,0.37463443724596873
-1.032735925800626,-1.0436571849242622,0.40723443118140806
-1.047685015626901,-1.037365242049179,0.4402427898137951
-1.0601204396630328,-1.028629299184424,0.4730949196153775
-1.0700876248649873,-1.0175982500765361,0.5051415001484564
-1.0776781866617597,-1.0043180694081564,0.535771000622985
-1.0829809523630507,-0.9888352260079163,0.5644824687413645
-1.0860269688142559,-0.971287641551892,0.5909060646295462
-1.0867696745027964,-0.9519303402957285,0.6147869372676096
-1.0851230732342925,-0.931091490231744,0.6359462144681084
-1.081032716522242,-0.9090950080681892,0.6542314142716839
-1.0745319383983858,-0.8861998074753695,0.669474081329655
-1.0657552837679387,-0.8625887529881631,0.6814735586831571
-1.0549136033061366,-0.8384077687824469,0.6900144147619987
-1.0422529977488286,-0.8138295300100227,0.6949074336638078
-1.028018998760781,-0.7891082795201828,0.6960333005233101
-1.0124374718814024,-0.7646009295689924,0.6933706307498723
-0.9957134592416791,-0.7407476295995783,0.6870014841980305
-0.9780422521743721,-0.7180235960712732,0.6770988628972638
-0.9596238595300287,-0.6968845004633817,0.6639056813663764
-0.940672776542805,-0.6777262428235825,0.6477132949541117
-0.9214190000268889,-0.6608697582020658,0.6288437485633597
-0.9021012409660532,-0.6465696867590561,0.6076365245959116
-0.8829565126569374,-0.6350382091849425,0.5844381063049713
-0.86421083902785,-0.6264740358213059,0.5595908029829285
-0.8460748616771516,-0.6210895328186166,0.5334167189942265
-0.828747157896553,-0.6191325507858535,0.5061943837173235
-0.8124277714163566,-0.6209003883623184,0.47812911421898824
