x,y,z
-1.1173777814308936,-1.357477949601447,0.08565096677111425
-1.159595250048742,-1.3791213253753756,0.172999919317074
-1.1997040868031421,-1.392647259780221,0.2650526167791366
-1.236975430983089,-1.3971239996805502,0.3605030268459961
-1.270657415461016,-1.391793293369495,0.45780333810635265
-1.29999848597381,-1.3761413520135546,0.5552018913550953
-1.3242751308448135,-1.3499617810742024,0.6508001703743959
-1.3428239440287981,-1.3134020194554203,0.7426265707851969
-1.3550763686059923,-1.2669851046258898,0.828722815869233
-1.360592903260909,-1.2116011645437958,0.9072370234023865
-1.3590926288671,-1.14846782805628,0.9765157050396264
-1.3504739962135222,-1.079064294072254,1.0351859094834674
-1.3348240603957857,-1.0050481518294507,1.0822189775131357
-1.3124153332045883,-0.9281656491708857,1.1169694612547032
-1.2836913951461597,-0.8501648077790603,1.139186369333908
-1.2492437267494403,-0.7727178186567223,1.148997894866732
-1.20978268167727,-0.6973561770111254,1.1468738856094416
-1.1661053363552547,-0.6254200520540534,1.1335718965443489
-1.1190624761972296,-0.5580224750745373,1.1100729382009777
-1.0695265050691711,-0.49602853592354,1.0775126303365958
-1.018361710186066,-0.4400493748899463,1.037112901087447
-0.9663980568510948,-0.39045011510848154,0.9901187798495896
-0.914409444593212,-0.34737005205626187,0.9377440803617638
-0.863097060623336,-0.31075258751004226,0.8811286854020965
-0.8130781037670246,-0.280381762295163,0.8213087265525769
-0.7648797609461925,-0.25592194786711653,0.7591994267901478
-0.7189379622931807,-0.2369573632559654,0.6955890745073261
-0.6756001742575629,-0.2230285660660083,0.6311417867043638
-0.6351313383227271,-0.21366382255818597,0.5664064684365194
-0.597722023351806,-0.20840414364719773,0.5018295745550178
-0.5634979111515499,-0.20682162618259592,0.437769729844829
-0.5325298492754731,-0.20853144028386675,0.37451278003625077
-0.5048438538052078,-0.2131982876106382,0.31228631214567276
-0.4804306029365293,-0.22053841340671063,0.2512730518746189
-0.4592541107512605,-0.2303183204680088,0.19162281736738848
-0.4412593978416713,-0.2423512602904158,0.13346289989196097
-0.4263790766151409,-0.25649242196307986,0.07690687228155171
-0.41453884454929457,-0.27263354939571416,0.02206191069113178
-0.40566193178593135,-0.2906975243436558,-0.03096523397643522
-0.39967258455195587,-0.3106332749722165,-0.08206345234189882
-0.396498686848165,-0.3324112157124203,-0.13111350810334538
-0.39607363255803807,-0.35601929590477427,-0.1779851125851668
-0.3983375606008644,-0.3814596311247153,-0.22253467539165284
-0.40323805842608884,-0.4087456101413063,-0.2646035725840311
-0.4107304252655366,-0.4378993103938628,-0.3040167848612813
-0.42077756744588274,-0.46894901439184666,-0.3405817735253018
-0.43334957522497053,-0.501926597540963,-0.37408748385772195
-0.4484230057423123,-0.5368645534182843,-0.4043033961833854
-0.4659798715379629,-0.573792433808865,-0.4309785858386358
-0.48600631040477793,-0.6127325056127314,-0.4538408048355106
-0.5084908916011208,-0.653694462340894,-0.47259565934044
-0.5334224968570306,-0.6966690716149151,-0.4869260263284946
-0.5607877030076852,-0.7416206895642719,-0.4964919275465297
-0.5905675870732764,-0.7884786267769698,-0.5009311567385766
-0.6227338747298554,-0.8371274080791368,-0.499861034724756
-0.6572443603069303,-0.8873960309568805,-0.49288174453528416
-0.6940375425812721,-0.9390463983971109,-0.47958177366103716
-0.7330264492119216,-0.9917611892491618,-0.4595460599820723
-0.7740916692918585,-1.0451315480786592,-0.4323674961966757
-0.8170736856537484,-1.0986451512968687,-0.39766248094668827
-0.8617647037674089,-1.1516754679154042,-0.3550911850800467
-0.9079003156400944,-1.2034734059640928,-0.30438307838683365
-0.955151507817575,-1.2531630117580184,-0.2453679608712553
-1.003117698273556,-1.2997433977313448,-0.17801217508596895
-1.051321626011025,-1.3420994648749587,-0.10245877517049753
-1.099206971940004,-1.3790240541562688,-0.019069204695194575
-1.1461395323891959,-1.409253726219641,0.07153736315217313
-1.1914126196991457,-1.431519354085573,0.1684521365366084
-1.2342572081237322,-1.4446111633904175,0.2704581049843795
-1.2738572753549855,-1.447455848994997,0.3760303687603577
-1.3093708341140298,-1.43920096834564,0.48335974011172633
-1.339957161662339,-1.4192990409127644,0.5904016930549316
-1.364810403407332,-1.3875811070757182,0.6949499108498047
-1.3831987229081986,-1.3443079648032392,0.7947307716032445
-1.3945064580580866,-1.2901883201441966,0.8875124283588832
-1.39827483425053,-1.2263575587430582,0.9712197530371199
-1.3942356471773565,-1.1543181285637218,1.0440444680103917
-1.3823328100123689,-1.0758501713548008,1.1045389230523415
-1.3627288093149974,-0.9929059316726756,1.1516831970978803
-1.3357960330143335,-0.9075018135206977,1.184918967196622
-1.302095387770801,-0.8216185128546284,1.2041489434317088
-1.2623458510567607,-0.7371150143131743,1.209705650122008
-1.2173886364729998,-0.6556587761178457,1.2022963511359044
-1.1681490247798685,-0.5786728866432636,1.1829317476802923
-1.1155981870038827,-0.5073006669194803,1.152845598199579
-1.0607167982110455,-0.4423880620075482,1.1134116418347646
-1.004461935450612,-0.38448360714073554,1.0660636230723906
-0.9477385456192384,-0.33385473863645865,1.0122236775222269
-0.8913765150248557,-0.29051801777445907,0.9532434373582906
-0.8361139956662034,-0.2542797668977138,0.8903606864335719
-0.7825871618861857,-0.22478292464483127,0.824672370825831
-0.7313260715414273,-0.20155574957755126,0.7571227286049249
-0.6827558862042629,-0.18405836481115312,0.6885037825303113
-0.637202427665005,-0.17172395607458296,0.6194647433511858
-0.5949009267186856,-0.163992537301115,0.550526955761365
-0.5560068335812782,-0.16033636398097745,0.4821016021481038
-0.5206076712192974,-0.1602771056507625,0.4145081351198112
-0.48873508551601813,-0.16339565267546713,0.3479921079199841
-0.46037644521917054,-0.16933588250807635,0.2827416126769689
-0.435485541747152,-0.17780387417636773,0.21890191490571048
-0.4139921140333069,-0.18856400758457292,0.15658812439097142
-0.3958100658026813,-0.20143319885773797,0.09589590667894371
-0.38084434960496055,-0.21627427640657054,0.036910344168631704
-0.36899656701234995,-0.2329892459871826,-0.020286881218177955
-0.36016938370378204,-0.2515129568535297,-0.07561177904800301
-0.3542698878331666,-0.27180747856093007,-0.12897359858938945
-0.3512120349614068,-0.2938573318550271,-0.18027141897093177
-0.35091832620250535,-0.3176655848014832,-0.22939157368390742
-0.35332086019466785,-0.3432507226299121,-0.27620571174259445
-0.35836188555062964,-0.37064412277837494,-0.32056930849851106
-0.3659939599338187,-0.3998879124819163,-0.36232045147421377
-0.37617979637020615,-0.4310329529894833,-0.4012787431214334
-0.38889184859731457,-0.46413668045534867,-0.43724418610681337
-0.40411165709725666,-0.49926053674024423,-0.46999595010470896
-0.4218289478972635,-0.5364667410813326,-0.49929096351915825
-0.4420404490123074,-0.575814182509424,-0.5248623290973605
-0.46474836596942226,-0.6173532494793825,-0.5464176278870301
-0.4899584391507614,-0.6611194544087113,-0.5636372495503343
-0.5176774921858898,-0.7071257547970655,-0.576172966590787
-0.5479103723543921,-0.7553535188628896,-0.583647053712896
-0.5806561807556402,-0.8057421329730925,-0.5856523399315687
-0.6159036918726323,-0.8581773021256004,-0.5817536693656065
-0.6536258699370958,-0.9124781555674114,-0.5714913366256258
-0.6937734058055933,-0.9683833413623185,-0.554387154376548
-0.7362672284456128,-1.025536386086591,-0.5299539032912739
-0.7809899991119148,-1.0834707305404094,-0.4977090035938827
-0.8277766871044127,-1.1415950689465209,-0.45719331719886547
-0.8764044675448782,-1.1991799722835055,-0.4079960017063529
-0.9265823808618783,-1.255347313624929,-0.34978621653083497
-0.9779414386673808,-1.3090647265005138,-0.2823521071003767
-1.0300261089351632,-1.3591480936169074,-0.20564671876368065
-1.082288291656194,-1.4042756220118773,-0.11983920514314503
-1.134084925215575,-1.4430170811442573,-0.025367917437877696
-1.1846802101795009,-1.4738810215992328,0.07701005629500135
-1.2332531672834266,-1.495381241056569,0.18618008739132222
-1.2789110286441288,-1.5061215854952497,0.30064998052970593
-1.3207089699107564,-1.5048954605824592,0.4185561961125926
-1.3576769280925953,-1.4907930566788634,0.5377016181904427
-1.3888543948767713,-1.4633052568887903,0.6556266924259249
-1.4133335295723073,-1.4224093491723897,0.7697116552533246
-1.4303091771286136,-1.3686200549777812,0.8773035357270086
-1.4391315427156526,-1.3029924334518868,0.9758579936574777
-1.439354533889498,-1.2270717731546985,1.0630829203286316
-1.4307718751202791,-1.1427973080908236,1.1370684948355263
-1.4134350420429844,-1.0523764719633462,1.1963884108217167
-1.3876511217808447,-0.9581498313553556,1.2401607221572382
-1.3539628492997131,-0.8624631154533918,1.2680638532321769
-1.3131155311891611,-0.7675555254795224,1.2803110353728138
-1.2660159556506865,-0.6754674832031923,1.2775916206763656
-1.2136874814120773,-0.5879683870818662,1.2609892935721925
-1.1572243286463166,-0.5065048970430394,1.231886376499882
-1.0977472678302356,-0.43217071430963083,1.1918621128704023
-1.0363625075190899,-0.3656984566396641,1.1425920736482882
-0.974125420361105,-0.3074729264436735,1.0857555751740455
-0.9120105648829031,-0.2575633282589294,1.0229574543840028
-0.850889090161626,-0.21577035763562816,0.9556690141334545
-0.7915140299470292,-0.18168292543769524,0.8851903249695297
-0.7345133141494742,-0.1547388011535819,0.812632983414439
-0.6803897116571427,-0.13428372253367382,0.7389198561295325
-0.629526488488464,-0.11962445768068707,0.6647969949185059
-0.582197354674274,-0.11007271575038423,0.5908528829462597
-0.5385792536583306,-0.10497838842620233,0.5175410451037616
-0.49876666731071956,-0.10375206463631655,0.4452032462517367
-0.4627863169378667,-0.10587787436436187,0.37409158080732857
-0.4306113921865727,-0.11091838951011894,0.30438854517057906
-0.40217469821542196,-0.11851356534048947,0.2362246861014384
-0.37738034741866444,-0.12837564476517216,0.16969371553584006
-0.35611381656571106,-0.14028169243299526,0.10486515732023402
-0.3382503366860072,-0.15406508498247348,0.04179469677854915
-0.32366168438568155,-0.16960693424815765,-0.01946753367563403
-0.3122215079002623,-0.18682810519138807,-0.07887046811603177
-0.30380935850353236,-0.20568222743471348,-0.13635714619397063
-0.2983136157219598,-0.2261498901731692,-0.19186100997862782
-0.29563349848715037,-0.2482340488565157,-0.24530320402059222
-0.29568034713398794,-0.2719565502494136,-0.2965906389539694
-0.29837834500427984,-0.29735559308986437,-0.34561459256591737
-0.3036648248695755,-0.32448387938219736,-0.3922496348192054
-0.31149027601807444,-0.35340717295183066,-0.43635267722189763
-0.321818134492576,-0.38420296472281934,-0.47776196561265927
-0.33462440368481206,-0.41695894561423313,-0.5162958620508151
-0.34989711741972224,-0.4517710045140591,-0.5517512981193095
-0.36763562478057354,-0.48874049599732006,-0.5839018291308934
-0.387849646842116,-0.5279705552606487,-0.6124952757338613
-0.4105580312721348,-0.5695612714660534,-0.6372510047716624
-0.43578711189832303,-0.6136035621237887,-0.6578569734579325
-0.4635685666842272,-0.6601716195044244,-0.67396673900976
-0.4939366584796491,-0.7093138273068527,-0.6851967196138705
-0.5269247374431383,-0.7610420761138577,-0.691124082368953
-0.5625608811545171,-0.8153194445537217,-0.6912857302904685
-0.600862547516262,-0.8720462634222159,-0.685178964201582
-0.641830117171307,-0.9310446435745674,-0.6722645070945125
-0.685439209570143,-0.9920416249954764,-0.651972699716055
-0.7316316780190555,-1.054651199057651,-0.6237138089059189
-0.7803052392515318,-1.118355592438519,-0.5868935350468134
-0.8313017957048906,-1.182486439409203,-0.5409349512128816
-0.8843946915971501,-1.246206910914434,-0.4853082120899579
-0.9392754265744948,-1.3084966250069527,-0.4195693316841488
-0.9955407210456948,-1.3681422620001331,-0.3434089555880014
-1.052681216018316,-1.4237380658307472,-0.2567110881921526
-1.1100733654992896,-1.4737013722358656,-0.1596199513134307
-1.1669760925729946,-1.5163083725204969,-0.05261053606197677
-1.2225334702370936,-1.5497541310596563,0.06344465356571105
-1.2757841930002358,-1.5722385719306946,0.187222875310738
-1.3256782642936151,-1.5820771924872994,0.31692400184094854
-1.3711014784867634,-1.577831727288808,0.45027969867493106
-1.4109089181619203,-1.5584512318454702,0.5846064386549923
-1.4439691934461791,-1.523407663391124,0.7169046354729853
-1.4692203805144155,-1.4728036044414325,0.8439999153289863
-1.4857356108911008,-1.4074275106798413,0.9627163268569376
-1.4927914214781397,-1.32873829485196,1.070065772710798
-1.4899277503938206,-1.238776794238282,1.1634334078356252
-1.4769881025510947,-1.1400207474064907,1.2407362648169047
-1.4541330290775931,-1.0352123775713686,1.3005345107232442
-1.4218271559715907,-0.92718708933819,1.3420832309111188
-1.380805520413483,-0.8187209082700744,1.365324868125459
-1.3320267737459435,-0.7124023567309962,1.370832469568088
-1.2766196570409802,-0.610528539814109,1.3597177548711556
-1.21582710121545,-0.5150253815046039,1.3335167706330429
-1.1509507994388606,-0.42739397982818583,1.2940632589170136
-1.0832984614936578,-0.3486855156471455,1.2433584820126726
-1.0141358530591407,-0.2795054472549839,1.1834464100764548
-0.9446457025567501,-0.22004494111108472,1.116303639879353
-0.8758952940139045,-0.17013479643936483,1.0437525686438116
-0.8088139175915331,-0.12931514760064844,0.9674032998521659
-0.7441804167941218,-0.0969132073425348,0.8886250141874392
-0.6826201174025408,-0.07212132139134195,0.8085427893639734
-0.6246097003553895,-0.054068607514311334,0.7280528387708701
-0.5704881937720265,-0.04188125215016998,0.6478485517953273
-0.5204721707664098,-0.03472875763613051,0.5684510184522217
-0.4746733577328594,-0.031855610064141185,0.4902397896777805
-0.43311710214742916,-0.03259957808944471,0.41348152525744913
-0.39576046405490395,-0.03639894911998547,0.33835549374643403
-0.36250903758305575,-0.042791459933153225,0.26497562190197677
-0.333231937924532,-0.051407625718661476,0.1934091388000458
-0.3077746723331211,-0.06196080930416294,0.12369201302372088
-0.2859698321531427,-0.07423587710871674,0.055841456340846155
-0.26764569443132485,-0.08807778407120544,-0.010134188243841463
-0.25263291590169235,-0.10338098458780504,-0.07422783134274968
-0.2407695535992275,-0.12008020576282936,-0.13642794642572578
-0.23190466863927528,-0.1381428425490181,-0.1967144655996334
-0.22590077270905545,-0.1575630293198875,-0.2550559449848482
-0.22263536661702868,-0.17835729408729353,-0.3114077067129289
-0.2220018001869959,-0.20056159699681542,-0.3657106864509908
-0.2239096548666679,-0.224229484584563,-0.41789073341097216
-0.22828481630022698,-0.24943104959571294,-0.4678581254196691
-0.23506936562251035,-0.27625236908614625,-0.5155070780536399
-0.24422137749771167,-0.30479509776877317,-0.5607150476104111
-0.2557146722414465,-0.33517591512159883,-0.6033416553256471
-0.2695385309354463,-0.3675255582256602,-0.6432270956326492
-0.2856973481048168,-0.40198721088552336,-0.6801899336752463
-0.30421016751742347,-0.43871405599274294,-0.7140242450560602
-0.32511002349452206,-0.47786582573680664,-0.7444961022678734
-0.3484429925684201,-0.5196041986821297,-0.7713394667015061
-0.37426684754495204,-0.5640868927467101,-0.7942516033928365
-0.4026491967644952,-0.6114602915789658,-0.8128882002686886
-0.4336649841450473,-0.6618504256625185,-0.826858448300956
-0.4673932189451838,-0.715352119009949,-0.8357204277483009
-0.5039127966564549,-0.7720161195681022,-0.8389772518858071
-0.5432972626325179,-0.8318340671850919,-0.8360745449667542
-0.5856083568237556,-0.8947212222637927,-0.8263999753975061
-0.6308881612120827,-0.9604969759418074,-0.8092857271773444
-0.6791496544847585,-1.0288632727300113,-0.7840149734659532
-0.7303654722924161,-1.0993811827280502,-0.7498336222513913
-0.7844547017218798,-1.1714459775367945,-0.7059688482674462
-0.8412676510066004,-1.2442612884482445,-0.6516562145523253
-0.9005687920872988,-1.3168134756497567,-0.5861774844394574
-0.9620185280598778,-1.3878485065242183,-0.5089113790589666
-1.02515508102124,-1.4558555833151825,-0.41939920692381744
-1.0893784908362403,-1.5190641384924284,-0.31742596356485164
-1.1539391769118543,-1.5754626072850955,-0.20311468534001784
-1.2179334238134734,-1.6228472918099377,-0.07702750064104516
-1.2803074168012087,-1.658907124460948,0.05973828225769581
-1.3398704630261267,-1.6813461785132287,0.20547508232243625
-1.3953175817107517,-1.6880417916286086,0.3578289973082118
-1.4452623802291449,-1.6772317081815296,0.5138194581826354
-1.488282819033746,-1.6477158235196587,0.669926142492556
-1.5229836056147543,-1.5990454092792656,0.8222461361333252
-1.5480771249131278,-1.5316601137956432,0.9667132193658177
-1.5624782376732635,-1.446931701851142,1.0993593806194555
-1.5653987234382383,-1.3470922206734741,1.216588428100941
-1.5564211364815626,-1.235058954429362,1.315424854712878
-1.5355357345331284,-1.1142001297823392,1.3937014216629118
-1.5031364847518585,-0.9880932224518982,1.450160692120884
-1.4599841179185373,-0.860309458990258,1.4844669619401518
-1.4071487403368346,-0.7342326554684863,1.4971441732566655
-1.3459422111741464,-0.6129079370394047,1.4894621975008644
-1.277846304758755,-0.49891866518911215,1.4632898529325997
-1.2044401151962765,-0.3942969884009896,1.420927050240298
-1.1273295328059723,-0.30047544207142846,1.3649263671619865
-1.0480818072877518,-0.2182830960462305,1.2979160737469904
-0.9681683821054685,-0.14798371464904703,1.2224393825832838
-0.8889189705611209,-0.08934841254038269,1.140825349767735
-0.8114890133515796,-0.04175227991599948,1.0551030152593717
-0.7368412312644842,-0.004283174264928915,0.9669621062586857
-0.665740398169649,0.02414894330082222,0.8777541743451166
-0.5987592537125761,0.04471219664332469,0.7885216656708884
-0.5362928964189573,0.05856982774085013,0.7000412434130857
-0.4785789382581956,0.06681794536897546,0.6128706256760519
-0.4257209317984359,0.07044446228775073,0.5273926111033547
-0.3777129397578201,0.07030703710113254,0.44385366763656203
-0.3344635382787405,0.06712627650237393,0.3623966468180738
-0.29581800244281564,0.061489953871991083,0.283088081084094
-0.2615778805046798,0.05386427252834998,0.2059406985190379
-0.2315175750149076,0.044608892138564823,0.13093171786897756
-0.20539787500401602,0.033993254305513414,0.05801740365485912
-0.1829766081514636,0.022212507524350826,-0.01285567125318296
-0.16401671415541166,0.009401961034641242,-0.08174220830219746
-0.1482921028236609,-0.004350524110222614,-0.1486921626681339
-0.13559167696980992,-0.0189944525983409,-0.21374668534185523
-0.12572188990673988,-0.03450892565640378,-0.2769356245769744
-0.11850818195791793,-0.05089702605471038,-0.3382762227694802
-0.11379560610062807,-0.06818209124110258,-0.39777268442193614
-0.11144891253640468,-0.08640554383945727,-0.4554163256737529
-0.11135231734641618,-0.10562591761806747,-0.5111860452226238
-0.11340913306092106,-0.125918714078557,-0.5650488825119733
-0.11754139094077862,-0.14737674599426198,-0.6169604549465272
-0.12368953833479701,-0.17011066511167228,-0.6668650939775679
-0.13181225196169855,-0.1942494259764035,-0.7146955307818387
-0.14188637135622809,-0.21994049901086368,-0.7603720147071958
-0.15390692734629874,-0.2473497051077163,-0.8038007791962247
-0.167887218752082,-0.27666059277775,-0.8448717978051475
-0.18385887603680404,-0.3080733103088236,-0.8834557952720292
-0.20187184205098455,-0.3418029347541553,-0.9194004949634431
-0.22199419531376047,-0.3780772049087696,-0.9525260959449131
-0.24431173815488622,-0.4171335674286921,-0.9826199837285563
-0.2689272682110626,-0.4592153867717987,-1.0094306933442563
-0.2959594453007904,-0.5045670952972182,-1.0326611677912465
-0.32554115528232364,-0.5534279758673792,-1.051961395942502
-0.3578172575715801,-0.6060241839861892,-1.066920578766247
-0.3929415836941215,-0.6625585415168312,-1.0770590683834504
-0.4310730310423467,-0.723197585747705,-1.0818204572555015
-0.47237056897812946,-0.7880553576220952,-1.0805643690008693
-0.5169869420733353,-0.8571734851218985,-1.0725607190232445
-0.5650608133345223,-0.9304972781197713,-1.0569864693928877
-0.6167070315641742,-1.007847788532456,-1.0329261930450009
-0.6720046253758766,-1.0888900436152156,-0.9993780863289295
-0.7309820285525263,-1.1730978187580166,-0.9552674424921981
-0.7935989705751273,-1.2597152864931405,-0.8994700703264352
-0.85972453176004,-1.3477157796642372,-0.8308487874278117
-0.9291112509401814,-1.4357583327350478,-0.7483069608645085
-1.0013660863708678,-1.5221447196374929,-0.6508638705375349
-1.0759204986390984,-1.6047843002284763,-0.53775662668279
-1.152003549628852,-1.6811802888899892,-0.40857105377517244
-1.2286227967973486,-1.7484554282492413,-0.26339804150307145
-1.3045570095188694,-1.803433015436686,-0.10300265656484422
-1.3783624834462038,-1.8427807484866838,0.07101644087083372
-1.4483927521065239,-1.8632167930223602,0.2561063873598083
-1.5128320689508343,-1.861775677182003,0.4487095698883421
-1.569746576500567,-1.836128577114177,0.6443133707971241
-1.6171612351371705,-1.784931051850667,0.8376256527666882
-1.65317134826912,-1.7081298847269586,1.022886176280057
-1.6760895458546963,-1.6071302427160434,1.1942926219141925
-1.6846089374157158,-1.4847458766942654,1.3464808865482756
-1.6779414818429117,-1.3449354908976598,1.4749730462821384
-1.6558917551391679,-1.1924179823964625,1.5765085210153855
-1.6188561999574054,-1.032284788082473,1.6492103007387555
-1.5677686214146291,-0.8696711005536646,1.6925946262635345
-1.5040184455763266,-0.7094761260756034,1.7074704698318546
-1.429355588195399,-0.5561061841808892,1.6957704288148268
-1.345785482563921,-0.41324635370690493,1.6603298506466126
-1.2554577122312636,-0.2836933397444366,1.6046204955747614
-1.1605553116096372,-0.1692774041552946,1.5324532154996338
-1.0631926677518528,-0.07087796636603368,1.4476762381674213
-0.965328469284439,0.011482427011571695,1.3539034858300913
-0.868698677981398,0.0784896958358044,1.2543085710863375
-0.7747728063144065,0.13136010777977744,1.1515097367849372
-0.6847338802002717,0.17165502460582618,1.0475481849189672
-0.5994792052824623,0.20110788180659733,0.9439377529110593
-0.5196370494697973,0.2214782235863195,0.8417516816639773
-0.4455940453856072,0.23444146973121588,0.7417161274945484
-0.3775288256120384,0.24151629162672053,0.6442928202885214
-0.31544834748913053,0.24402576149040464,0.5497454374224611
-0.25922416635163403,0.24308509523192856,0.45819120165377947
-0.2086265594355324,0.23960795186212552,0.36964125856641517
-0.16335500117879917,0.23432411498662398,0.2840328488507547
-0.12306410372192741,0.2278029983276492,0.20125511784811248
-0.08738472094024682,0.2204790819185543,0.12116953926413943
-0.05594038583326055,0.21267675847553916,0.043625549782645545
-0.02835955722303988,0.204633076989219,-0.031528061282949355
-0.004284297029361332,0.19651756804200923,-0.10443539397711889
0.01662397332086507,0.18844880906473424,-0.1752286413581004
0.034681028617122224,0.1805077097542723,-0.24402559055826084
0.05017816669425123,0.17274771594716892,-0.31092882017998125
0.06338183880010906,0.16520227303815288,-0.37602608762678746
0.07453418656467176,0.15788997483333458,-0.43939150071853633
0.08385415518915468,0.15081786194925742,-0.5010871588840526
0.09153891602604314,0.14398333403091654,-0.5611650244045152
0.09776539289739627,0.1373751093391879,-0.6196688442618694
0.102691744628117,0.13097361045035044,-0.6766359916008545
0.10645870961700654,0.12475108300268523,-0.7320991361224958
0.10919076467455124,0.11867167326236212,-0.7860876870065266
0.11099708789196022,0.1126916077427963,-0.8386289807881574
0.11197234273739048,0.1067595418332456,-0.8897492095929521
0.11219731761158974,0.1008170807465137,-0.9394741016865832
0.11173946242237842,0.0947994293496311,-0.987829376318068
0.11065336288112235,0.08863609926373167,-1.034840998981005
0.10898118629096674,0.08225159108334684,-1.0805352628182956
0.10675312195206291,0.07556597363350101,-1.1249387186177104
0.10398782725390862,0.06849529651797298,-1.1680779712732547
0.10069287901957007,0.060951792093838594,-1.2099793558966725
0.09686522014512552,0.05284384414451995,-1.2506685025699988
0.09249158486966214,0.04407571961415071,-1.290169795120826
0.08754888236654715,0.0345470747523257,-1.3285057259929394
0.08200451754284832,0.024152257062556533,-1.3656961458238424
0.07581662942962053,0.012779429710787358,-1.4017574022832637
0.06893423064780801,0.00030954637168807697,-1.4367013577464933
0.061297235443872805,-0.013384796937909709,-1.4705342693000536
0.05283636811135658,-0.028440609393845,-1.5032555073638714
0.04347294782330693,-0.04500583183302359,-1.5348560809051632
0.03311854976197152,-0.06324072425872605,-1.565316927886326
0.021674545897155555,-0.08331929758338655,-1.5946069192989158
0.00903153194383538,-0.10543077186124568,-1.6226805139418095
-0.004931349836433292,-0.12978103974646488,-1.6494749890657463
-0.020347178891829208,-0.15659410727395542,-1.674907159249106
-0.03736209842544169,-0.18611347357846558,-1.698869482648939
-0.056136208524697355,-0.21860339576842847,-1.7212254405886591
-0.07684448033096451,-0.2543499631714212,-1.7418040641828447
-0.09967765118463899,-0.2936618738937252,-1.7603934717956178
-0.12484304702873614,-0.33687076185432463,-1.7767332757729735
-0.1525652599265018,-0.3843308575556678,-1.7905057192527807
-0.18308658404050368,-0.43641767079253935,-1.801325418311714
-0.21666708151105477,-0.4935252436745001,-1.8087276169849003
-0.25358410937427667,-0.5560613181149746,-1.8121549198733533
-0.2941310899453007,-0.6244394705634784,-1.8109425572931952
-0.3386152516670192,-0.6990668702020022,-1.8043023698692764
-0.3873540089671011,-0.7803258216061753,-1.7913058817713567
-0.44066959150166113,-0.8685467286711761,-1.7708670742071984
-0.4988814693428881,-0.9639697530692212,-1.7417257911695678
-0.5622960152605663,-1.0666925905671856,-1.7024331540226518
-0.6311926001904031,-1.1766028953194476,-1.651341045654381
-0.7058047530771022,-1.2932961009783503,-1.5865988830971989
-0.7862939344481816,-1.4159817999331115,-1.5061628863612957
-0.8727119357047423,-1.5433818551004668,-1.4078262262281436
-0.9649468004689254,-1.6736184076530567,-1.2892829322795927
-1.0626486933436738,-1.8040834170339777,-1.1482439088012082
-1.165139186619089,-1.931289444970908,-0.9826276845661767
-1.2713198456844361,-2.0507421728996267,-0.7908441250770635
-1.3796053877603376,-2.156929720739941,-0.5721646707380008
-1.4878994315606346,-2.2435173436780858,-0.3271322249717255
-1.5936073802433994,-2.303728296588009,-0.057947232834550916
-1.6936703228378898,-2.330807737789318,0.23119219385613296
-1.7846332265473734,-2.3185769345404297,0.533771032632782
-1.8627960806824195,-2.2622505797332466,0.8407216821507363
-1.9244665910896446,-2.1595259534413995,1.1406135207077368
-1.9662752413331985,-2.0114976410346124,1.4207372400321145
-1.9855231874650519,-1.8228128157658199,1.6689998852971994
-1.9804963894480574,-1.6009695265167772,1.8757103817684306
-1.9505970316332588,-1.3552988069882517,2.0343927966594477
-1.896292617151195,-1.0962176510521955,2.1417095044508896
-1.819061762499649,-0.8346972261507846,2.1971976189119706
-1.7213831413102503,-0.5814633871250299,2.203221382423383
-1.6066215044271033,-0.3458467953706348,2.164890579531179
-1.4787272626580965,-0.13476016518853226,2.08953801016949
-1.3418516774887599,0.047747392645540204,1.9857530878031322
-1.2000182372800652,0.20032600196855294,1.8622940074556407
-1.0568915523422666,0.3237967554409636,1.7271487528171476
-0.9156209632777773,0.4205098392476891,1.5868765928254038
-0.7787484080226732,0.4937322299040865,1.4463188139983525
-0.6481853177971963,0.5471256273005055,1.3086912190643862
-0.5252513722010551,0.5843411956608925,1.1759283225884378
-0.4107535936813458,0.6087460624987285,1.0490806032335427
-0.30508175602845333,0.6232810555122398,0.9286278563382505
-0.20830157118230386,0.6304259362815701,0.8146777757951777
-0.1202355964182092,0.632231981003671,0.7070830311810891
-0.040529245384422465,0.6303822330484472,0.6055197107801157
0.03129680180768806,0.6262527650136192,0.5095530385132105
0.09580554098562309,0.620963545847962,0.4186977057058954
0.15361183296089775,0.6154180877612075,0.3324698995611347
0.20535792908445413,0.6103354880569769,0.2504261021877419
0.25169460354674694,0.6062786069509638,0.17218631210885618
0.2932664929003151,0.6036804557723338,0.09744289624472799
0.33070070426505327,0.6028691870141356,0.025958714044562667
0.36459818284365303,0.6040911177077845,-0.04244108134226075
0.39552759216690414,0.6075309993115302,-0.10787967799198336
0.42402153229429546,0.6133289895782055,-0.17043892041075928
0.45057486354930093,0.6215941855428728,-0.2301677449917481
0.47564480276058935,0.6324149410293226,-0.28708813378459197
0.49965238154251956,0.6458664257611012,-0.34119861343831875
0.5229848322801242,0.6620159733582112,-0.3924756588028519
0.5459984974090002,0.6809267404713917,-0.44087347887210454
0.5690219245871355,0.702660100759528,-0.4863226503399496
0.5923588929530106,0.7272770644731734,-0.528727986750205
0.6162911952831097,0.7548388766880272,-0.5679659330824083
0.6410810651297791,0.7854068235144261,-0.6038816828996836
0.666973180999398,0.8190411752551991,-0.6362861422054056
0.6941962005169307,0.8557991208991298,-0.6649528181921365
0.7229637789003672,0.8957314975788074,-0.6896146956731244
0.7534750123393297,0.9388780878087791,-0.7099611808774992
0.7859142231183908,0.9852612427256316,-0.7256352423038229
0.8204499746562393,1.034877589361038,-0.7362309618731716
0.8572331759658032,1.0876875957123553,-0.7412918267753312
0.8963941112488347,1.1436028049746272,-0.7403102425391828
0.9380382166435699,1.202470620840632,-0.7327289285842444
0.9822404286528714,1.2640566456895967,-0.7179450624979113
1.0290379549789885,1.3280247638892448,-0.6953182548021547
1.078421377444597,1.393915446793458,-0.6641836361965568
1.1303240985374916,1.461123154693361,-0.6238714811537839
1.184610297306504,1.5288742309541157,-0.5737348114588483
1.2410617716349646,1.596207302637798,-0.5131862375144415
1.2993643058176685,1.6619588510647685,-0.4417448120240256
1.3590944888882373,1.7247571726534763,-0.35909281355505673
1.4197081706917103,1.783028267612218,-0.2651411213207234
1.4805319178397507,1.8350171839268206,-0.1601002465188464
1.5407588867527984,1.8788280985876573,-0.04455229365476085
1.5994505173740856,1.912486243596732,0.08048269438469915
1.65554552233915,1.9340249346386096,0.21349430647881334
1.7078779507456527,1.9416009488478827,0.3524532245663559
1.7552065541066975,1.933639381918851,0.4948179889056097
1.796257770140259,1.9090018927124441,0.6375888688821137
1.8297835610404478,1.867158534628777,0.7774182010957744
1.8546324361360198,1.8083275420066134,0.9107790663893205
1.8698274176478946,1.7335407965381768,1.03418081674649
1.874640156562777,1.644606639024126,1.1444039092080374
1.868648851069769,1.5439749189353449,1.2387158718827507
1.8517710305118331,1.4345425007450827,1.3150337403621575
1.8242689535034338,1.3194478401329868,1.372016412942899
1.7867310601313247,1.2018861596285904,1.409091575199642
1.740035034643915,1.0849504843812576,1.4264321864178147
1.6852975223790219,0.9714900986696045,1.4248940510952377
1.6238146114062835,0.863982588780116,1.4059180315787292
1.556996918195577,0.7644281046191328,1.3713985654807561
1.486303342367716,0.674281485738951,1.323526548974654
1.4131777589662278,0.5944341015389829,1.2646234253137325
1.3389927338978533,0.5252462962185949,1.1969873225271226
1.2650036387349841,0.4666203016929982,1.1227687317432384
1.192315359379613,0.41809732769088426,1.043885018888328
1.1218623523437987,0.37896213689466746,0.9619743499139707
1.054401389587813,0.34834188507307995,0.8783833831676057
0.9905152014100611,0.3252908647566449,0.7941801048112458
0.9306245265872441,0.3088572780274011,0.7101827773198861
0.8750058396027129,0.2981315170770825,0.6269970911377817
0.8238121769924525,0.29227757387157094,0.5450554139072962
0.7770949004353563,0.29055035403620516,0.46465398151016024
0.7348247720386099,0.2923021100376274,0.38598564961738413
0.6969112599454055,0.29698116862176893,0.3091672423954513
0.6632194647624895,0.30412578606923646,0.23426152144379553
0.6335844263359861,0.31335545730556413,0.16129436702292338
0.6078228338134779,0.32436143364473713,0.09026799395636158
0.5857423340785279,0.33689764425892016,0.02117102616036562
0.567148734262464,0.3507727195589043,-0.046013864974553634
0.5518514416039076,0.3658434104967915,-0.11130420738382667
0.5396674930521576,0.3820093987199373,-0.17471344680536205
0.5304245083936342,0.3992092973856187,-0.23624782192008748
0.5239628622462195,0.4174175406531269,-0.2959041401211091
0.5201373185332564,0.4366418346712824,-0.3536682283053414
0.518818312132261,0.4569208742288092,-0.40951384892128373
0.5198930023745031,0.47832209608034926,-0.46340188420849315
0.5232661677425335,0.5009393222421795,-0.515279607709962
0.5288609653114712,0.5248902269259572,-0.5650798835090726
0.5366195453511989,0.5503136259544967,-0.6127201586976174
0.5465034920075751,0.5773666290030149,-0.6581011403677708
0.5584940538266169,0.6062217092351416,-0.7011050721988713
0.5725921299562331,0.6370637325274723,-0.7415935459393698
0.5888179849299395,0.6700869533239933,-0.7794047997521177
0.6072106725115133,0.7054919318545737,-0.814350469873648
0.6278271531294646,0.7434822641068208,-0.8462117767741455
0.6507410868862178,0.7842609471554925,-0.8747351452101427
0.676041273099302,0.8280261327354285,-0.8996272831169468
0.7038296871018199,0.874965954641137,-0.9205497818217243
0.7342190359149696,0.9252520532642652,-0.9371133551797983
0.767329717619077,0.9790313660842211,-0.94887191480754
0.8032860268533923,1.0364157103144946,-0.9553167908917399
0.842211403905907,1.0974686602013504,-0.9558715626568249
0.884222481656713,1.162189228481279,-0.9498881694700894
0.9294216493974242,1.2304919180282332,-0.9366452411461687
0.9778878339932422,1.302182844033136,-0.9153499169975361
1.0296652090613436,1.3769318791676883,-0.8851448077718482
1.0847495980361204,1.454241196210611,-0.8451221603684449
1.1430724580236573,1.5334112331535625,-0.7943476443081965
1.2044825428133397,1.6135060308021245,-0.7318963759470772
1.26872566884376,1.6933210838573194,-0.6569036637849254
1.3354234560086102,1.7713581749121536,-0.5686322912735945
1.404052452256875,1.8458128184082476,-0.466556761441726
1.4739255668108322,1.9145804738726873,-0.35046272904118675
1.544178045081284,1.9752872529045686,-0.2205569803764898
1.6137601668769463,2.025349727525811,-0.07758017000876562
1.6814385611507887,2.0620679513355262,0.07708851104102651
1.7458080571719061,2.0827575543669097,0.241348494858121
1.8053169547032195,2.084930088064943,0.4123339939300882
1.8583102798819855,2.0665294043857374,0.5864304026749314
1.9030964155805619,2.026214888433021,0.7593747312269232
1.9380401865779262,1.963645066499804,0.926459126579497
1.9616783912720213,1.8796748887839914,1.0828376202892305
1.9728426180097525,1.7763768793682415,1.2239019119028403
1.970764828442956,1.6568581634609039,1.3456554946850285
1.9551430168020332,1.5249412652741001,1.4450046803324261
1.9261588857463,1.3848276008177958,1.5199191562810022
1.8844550269803406,1.2408250876119489,1.569472507633157
1.8310842156669724,1.0971404827655087,1.5938062501640706
1.7674400847108842,0.9576917800381959,1.5940481943855223
1.6951746381154282,0.825913237782503,1.5721843627032257
1.6161071479852143,0.7045705504714131,1.5308714108730341
1.5321298118677955,0.5956302114036974,1.4731937288450692
1.4451165216749322,0.5002183596376631,1.4023966699496988
1.3568413713878023,0.41867443286647094,1.3216404745987003
1.2689126741982684,0.35067706790050995,1.2338107864215124
1.1827262583289295,0.2954072585969759,1.141400882984958
1.0994391871931535,0.25171636620863924,1.0464615092840315
1.019962545292036,0.21827680537478794,0.9506034811367722
0.9449700859820801,0.19370417572332305,0.8550355237464223
0.8749185538563982,0.17664781911668323,0.7606216341977339
0.8100753223762474,0.16585172908854715,0.6679456845640264
0.7505494323461935,0.16019020662364583,0.5773745779329802
0.6963229235105779,0.15868358055611503,0.4891145400477374
0.6472802739429586,0.16049934869227803,0.4032578899921327
0.6032346173280461,0.16494362721514344,0.3198197512580438
0.5639500987844064,0.17144704155683074,0.2387655634778657
0.5291602308680005,0.1795483016396899,0.1600309689288573
0.49858244297916277,0.18887779427208515,0.08353581826441309
0.47192921688329253,0.19914268437984034,0.009193863560914728
0.44891630517586123,0.21011430437033696,-0.06308062659981382
0.4292685670313669,0.22161805804496842,-0.13336844451488272
0.41272394657705974,0.23352567820649003,-0.20174261328081544
0.39903607739068025,0.2457494435028659,-0.2682667450161273
0.38797593188837975,0.2582378568802541,-0.3329942977369645
0.37933285513880405,0.27097228635466925,-0.3959684995194871
0.3729152369815039,0.2839641380618637,-0.4572227371264511
0.36855099226843013,0.2972522422657583,-0.5167812252901287
0.36608794407731765,0.3109002589666239,-0.5746597935358213
0.3653941448992888,0.3249940295283725,-0.6308666530574879
0.36635812973808657,0.3396388988629463,-0.6854030348773636
0.36888907352830086,0.35495710015754894,-0.7382636184762829
0.3729168212086239,0.37108532812445727,-0.7894366937220714
0.37839176792723384,0.3881726297600872,-0.8389040162028528
0.3852845838231417,0.40637871981038887,-0.886640326608872
0.3935857971929423,0.4258727896985371,-0.9326125094104923
0.40330526704972647,0.44683283198213536,-0.9767783660790903
0.4144715879410877,0.4694454547585633,-1.0190849747895134
0.4271314747891314,0.4939061170861143,-1.0594666029166684
0.44134917318075106,0.5204196802409573,-1.0978421313528526
0.457205931678333,0.5492011408550919,-1.1341119411930753
0.47479955855525496,0.5804763889532434,-1.1681542041362492
0.4942440671685191,0.6144828133407132,-1.1998205087051397
0.5156693929544091,0.6514695544398492,-1.228930746150216
0.5392211412358621,0.6916971758832083,-1.2552671742906605
0.565060298483267,0.7354364863898885,-1.278567576985234
0.5933628095545752,0.7829661886256927,-1.2985174449981751
0.6243188884125801,0.8345689587252691,-1.3147411259761248
0.6581318882410292,0.890525467149003,-1.3267919347125348
0.6950165071927912,0.951105738782835,-1.3341412908475112
0.7351960472291827,1.0165571208376167,-1.3361670752605546
0.7788983759524218,1.0870879886775546,-1.3321415903198683
0.8263501673924646,1.1628461862009472,-1.321219801656969
0.8777689227315257,1.2438910928974443,-1.3024289659117525
0.9333522049219959,1.3301581749536437,-1.2746613486809566
0.9932634750985992,1.4214149822551274,-1.2366725407672932
1.057613911059885,1.517207915446472,-1.1870888904212407
1.1264396428671977,1.6167999022850807,-1.1244287216090105
1.1996739962679916,1.719100678019772,-1.0471431296051765
1.2771146640567068,1.8225939924560697,-0.9536829029039868
1.3583863643321372,1.9252699259348,-0.8425979887590674
1.4429006837799152,2.0245750869624453,-0.7126741894563913
1.5298165255563507,2.117397001212872,-0.5631077147199253
1.6180064392479006,2.2000984528325467,-0.3937115866740494
1.7060348098754285,2.2686108578557067,-0.20513981448707408
1.792152201680745,2.3185868333407025,0.000891752186976208
1.8743075422898468,2.3456138613367328,0.22141371093288253
1.9501810961187949,2.3455152396776837,0.45207319932098383
2.0172483838485795,2.31479447185461,0.6871152002990245
2.0728916872412393,2.2512510052378496,0.9195475213321395
2.114572988046011,2.1546488915172146,1.1415633191939096
2.1400651545826923,2.0271262996273873,1.3452361478655963
2.147700391385351,1.8730334883940705,1.5233712804098414
2.1365575831349406,1.698229100916845,1.6702586690670014
2.1065319188374696,1.5092639049884853,1.7820851117881515
2.05830176357936,1.3128614765401037,1.856988924043237
1.9932410833262297,1.11569736938122,1.8949517724754381
1.9133048947069953,0.9241918287294706,1.8976847545445317
1.8208943715451538,0.7441250904189772,1.8684782707798262
1.7187054714318124,0.5801488008202988,1.811893158436205
1.6095675551639939,0.43540953295740314,1.7332549410191367
1.4962822170886936,0.31143939716050995,1.6380583552108545
1.3814772816893222,0.20831677541139826,1.5314468852412872
1.2674916008381631,0.12499359162167317,1.4178727122044656
1.1563001758383276,0.05966837411976881,1.3009466425766978
1.049480250093519,0.010122782235699769,1.183429714514932
0.9482123389355123,-0.026013662712592325,1.067309084801994
0.853307123010343,-0.05107443456498008,0.9539152582028771
0.7652487993566078,-0.06723238950417636,0.8440537075352749
0.6842466577129018,-0.07642833748972605,0.7381341804126272
0.6102884999903249,-0.08033921604394809,0.6362869066355173
0.5431915012562462,-0.08037488567402738,0.5384592730612512
0.48264786243078855,-0.07769413942721445,0.44449049435750076
0.4282639509902331,-0.07323207725223461,0.3541651791701832
0.3795925512465586,-0.06773262572209883,0.267248957154695
0.33615843311421467,-0.0617816412560324,0.1835103142111783
0.29747780380425703,-0.05583759539342384,0.10273271396313476
0.26307241293208394,-0.05025818199715096,0.024720395559656827
0.23247918562406,-0.04532223490971592,-0.05069965795004705
0.2052562836798747,-0.04124708264065788,-0.12367791548706907
0.1809864554431007,-0.03820191922089888,-0.19434362949852063
0.15927844426308344,-0.03631798744406381,-0.262806701574897
0.13976709941698306,-0.035696411574024006,-0.3291597373272178
0.12211268977848973,-0.03641443903523868,-0.39348008836228443
0.10599977631594881,-0.03853070512181482,-0.45583175659459885
0.09113586883864036,-0.042089962098645746,-0.5162670813825085
0.07724998531854285,-0.047127544641632595,-0.5748281606289966
0.06409115391495776,-0.05367369787278921,-0.6315479796294113
0.051426849245272174,-0.06175778378705753,-0.6864512370179883
0.039041332346284624,-0.07141231044755254,-0.7395548650950403
0.026733862371892535,-0.08267669370383116,-0.7908682423116664
0.014316760348732763,-0.0956006569219011,-0.8403930903082122
0.001613324337147233,-0.11024719151717095,-0.88812303907167
-0.011544384668691579,-0.126695030481115,-0.9340428339207925
-0.02531784987702438,-0.14504061975322366,-0.9781271488630339
-0.039864451016657955,-0.16539960090723546,-1.0203389631102482
-0.05533980807412288,-0.187907837880911,-1.0606274510285338
-0.07190006165477324,-0.21272202711772867,-1.0989253298864303
-0.08970403733871499,-0.24001992302281644,-1.1351456038014844
-0.10891524470049278,-0.2700001888564301,-1.1691776360254231
-0.1297036639945225,-0.30288184753778113,-1.2008824756227159
-0.15224727299533822,-0.33890325776465785,-1.2300873600669335
-0.17673326160629277,-0.3783204783067685,-1.2565793147444442
-0.20335887154009333,-0.4214048064141579,-1.2800977774693998
-0.2323317820529427,-0.4684391833505619,-1.3003261959327346
-0.2638699403594651,-0.5197130493925404,-1.3168825851859887
-0.2982007075771055,-0.5755151020979752,-1.329309099174999
-0.3355591591208202,-0.6361232698849277,-1.3370607749746226
-0.37618534413401883,-0.7017910725558318,-1.3394937617717007
-0.42032027317588705,-0.7727294327176866,-1.335853559725505
-0.46820036590206493,-0.8490829809576685,-1.3252640757496947
-0.5200500434134941,-0.9309000359364882,-1.3067186599942928
-0.5760720743141217,-1.0180958012241756,-1.279074722066178
-0.6364351464093008,-1.1104088846032452,-1.2410540477882503
-0.7012579016595967,-1.2073518033434008,-1.1912515743199354
-0.7705883444123635,-1.3081562446940913,-1.1281562121229896
-0.8443772434164754,-1.4117130852818842,-1.0501884837559055
-0.9224442607492317,-1.5165059857002727,-0.9557614772185675
-1.004436644421733,-1.6205382003469118,-0.8433738057084688
-1.0897828664655704,-1.7212591586852786,-0.7117447486999202
-1.1776470632049758,-1.8155118881869305,-0.5599993787654793
-1.2668924188056991,-1.8995367280176476,-0.38790129098614834
-1.356060095339886,-1.9690651326595063,-0.19611261720088144
-1.4433652720931403,-2.019514136874787,0.013556254507367832
-1.5267088938075744,-2.0462708736537483,0.23795017663470294
-1.6037089407906762,-2.0450674924788106,0.4724632131511455
-1.6717654410138056,-2.0124681409191547,0.7110623081892573
-1.7281778372669445,-1.9464492194834762,0.9465010565866686
-1.7703271932475444,-1.8469362652231918,1.170788716729394
-1.7959188341312202,-1.7160742262567965,1.3759060392796008
-1.8032421208689635,-1.5580795196302302,1.5546249576223137
-1.791362422662602,-1.378738439344236,1.7012095342236944
-1.7601841888870615,-1.1847958718282334,1.8118310225854437
-1.7104081090291425,-0.9834357018305134,1.8846843605494938
-1.6434459010047349,-0.7818494748207722,1.9199196475001226
-1.561319164528153,-0.5867857880724632,1.9194888904306635
-1.4665276310846997,-0.4040675939469736,1.8869067214609638
-1.3618792009120546,-0.23818833275853468,1.8268831914481047
-1.25030312949542,-0.09209981490524348,1.7448401127127193
-1.1346759766943741,0.03278220299705599,1.646380014143662
-1.0176768297774532,0.13640365476541155,1.5367893756997033
-0.9016774054336619,0.2197997415260634,1.420651355481281
-0.7886708043554689,0.2847838378691432,1.3016284426599112
-0.6802404838522814,0.3336402802645265,1.1824326227812056
-0.5775648170599808,0.3688516317428296,1.0649400027184939
-0.48144744242490944,0.3928817571024208,0.9503711232716512
-0.3923626802654669,0.4080251788509486,0.83946791292124
-0.3105073906976307,0.41632063649244366,0.7326334003794218
-0.23585358552527505,0.41951661586124683,0.6300311849189522
-0.16819848880070531,0.41907233673969263,0.5316555746601236
-0.10721011858620098,0.4161790618309582,0.43738394258693064
-0.05246714916342983,0.4117908436466719,0.34701836481726656
-0.0034923251069253203,0.40665821953706466,0.2603193703528378
0.04022073168216954,0.4013615103075631,0.17703241116038515
0.07918693110453551,0.39634212105944194,0.09690718256818867
0.11391457091626524,0.3919310243613007,0.019710315256092736
0.14489472058672048,0.38837393020548194,-0.05476750502389262
0.172594242660073,0.38585284315318363,-0.12670862464461558
0.1974516778673177,0.3845039073533651,-0.19626833922102707
0.2198753507922344,0.38443165522262096,-0.26357646569646126
0.24024316192428427,0.3857199714386449,-0.32873968898887607
0.2589036147698619,0.38844022834050407,-0.3918440947944054
0.27617769309646384,0.39265712751120235,-0.4529575382738396
0.2923612644221065,0.39843279753036975,-0.5121316676203623
0.3077277477731424,0.4058296617367602,-0.5694035284550388
0.3225308472083996,0.4149125180415817,-0.624796734627802
0.3370072146799477,0.4257501808448225,-0.6783222186497889
0.35137896219642184,0.43841693630916434,-0.7299785826922518
0.3658559901549516,0.45299396725583674,-0.7797520669960789
0.38063813368315064,0.469570820397485,-0.8276161417119684
0.39591715109725445,0.48824692111477613,-0.87353071381458
0.41187858881336803,0.5091330911556127,-0.9174409250311306
0.4287035569864857,0.5323529914250282,-0.9592755014633154
0.4465704421251618,0.5580443921570396,-0.998944602198415
0.46565656938994215,0.5863601613887212,-1.0363371037604752
0.4861398104036017,0.6174688541851235,-1.0713172503971862
0.5082001137679599,0.6515547738361852,-1.1037205972888604
0.5320209159075174,0.6888173571444085,-1.1333491751593705
0.5577903693151633,0.7294697047485482,-1.1599658112679638
0.5857023029454562,0.7737360311176906,-1.1832875551544446
0.6159568039524419,0.8218477455743156,-1.2029781811588112
0.6487602794114842,0.8740377950081438,-1.2186397791939398
0.6843248193088509,0.9305328020354243,-1.2298035089476627
0.7228666365973584,0.9915424227132649,-1.2359196927087341
0.764603306198788,1.0572452323066708,-1.236347574890576
0.8097494639012581,1.1277703377824992,-1.2303453036668288
0.8585105620742788,1.2031738311390863,-1.217061018310948
0.9110742192497538,1.2834091701134878,-1.195526383506007
0.9675986562520527,1.3682906539079607,-1.1646545230844891
1.0281976990747217,1.457449434948037,-1.1232450755717154
1.0929218711662554,1.5502821041087884,-1.0699999850052075
1.1617352291054932,1.645892993191773,-1.0035545390192255
1.2344878691005314,1.743033171746127,-0.9225288443494503
1.3108845303629437,1.8400418068023718,-0.8256050165666505
1.39045054949582,1.9347988828547285,-0.7116343461144974
1.4724976221069555,2.0247012972345293,-0.5797760346168085
1.5560931827751092,2.1066752521868475,-0.4296644699844874
1.6400380292248196,2.1772349354830305,-0.26159587210638313
1.7228562352442671,2.2325916691471797,-0.07671894741972267
1.8027996937410127,2.2688153374799302,0.1227906387843941
1.8778693058931717,2.282059951960205,0.33359677253172204
1.9458585079086184,2.2688856277784875,0.5511440518843317
2.0044305517438348,2.2267101277951014,0.7697222008256082
2.05124236326062,2.1543570699589343,0.9827121520981066
2.0841196280372665,2.0525334604802246,1.1830519964719768
2.101265976430857,1.9239786640151637,1.3638897203467624
2.1014575657528556,1.773141078933432,1.5192810897640734
2.084163909306864,1.6055371392552458,1.6447250172162062
2.04957264302761,1.4271394885991961,1.7374059930699264
1.9985430433161024,1.244005581187117,1.7961947385510877
1.9325214970986608,1.0620693998044104,1.821554869233717
1.8534346167465985,0.8869012533285013,1.8154299609391868
1.763564865159578,0.7233563362912615,1.7810643902229952
1.6654133810152314,0.5752021739647712,1.7226854796680975
1.5615573302873067,0.44487504801972444,1.6450538528875065
1.45451212740771,0.33345055590031214,1.552979158237239
1.3466110222068821,0.24080958248291265,1.450916878513824
1.2399131296988455,0.1659177306968339,1.342710837846103
1.1361456870562892,0.10713154749196728,1.2314815139466184
1.0366800244761438,0.062473451998612095,1.119623838262779
0.9425361216907762,0.029849756790904413,1.0088725226194886
0.8544083934136917,0.007208121920558627,0.9004019847380795
0.77270500320364,-0.0073587982080653945,0.7949385201632225
0.6975938526426295,-0.015553506027190082,0.6928700368423533
0.6290498590545197,-0.018847473665016375,0.5943439516005068
0.5668997695362145,-0.018479353871466486,0.4993480511749291
0.510862240577482,-0.015469489733650393,0.4077727094699039
0.4605820740123786,-0.010643943495814646,0.3194556256829298
0.4156583141808837,-0.0046626954238081705,0.23421194226659303
0.3756664351480274,0.0019518843868319667,0.15185322414864932
0.3401751619318367,0.00878883260211169,0.07219859816096101
0.3087586439538484,0.015526039973369668,-0.004919269628972142
0.2810047765649032,0.021911827697256782,-0.07965142222850187
0.25652047330116945,0.02775049534910682,-0.15213180778494265
0.2349346440134726,0.03289129412066048,-0.22247763536117382
0.21589954597353175,0.03722009546123074,-0.2907904197165473
0.19909106030014867,0.04065299683943286,-0.3571574272566444
0.1842083186175056,0.04313118367196217,-0.4216533322046484
0.1709729781463783,0.044616505216414755,-0.4843419438266123
0.15912832896970402,0.045087385669280944,-0.5452778987658219
0.1484383235906052,0.044534851572742326,-0.6045082401278563
0.13868655099653654,0.042958593239871765,-0.6620738303748136
0.12967513620873897,0.04036307982310762,-0.7180105671489407
0.12122352913473522,0.03675381082267233,-0.7723503877553333
0.11316714824237896,0.03213381324098301,-0.8251220582286911
0.1053558585753529,0.02650048953943016,-0.876351747354195
0.09765228331029464,0.019842895819465856,-0.9260633864835273
0.08992996777924842,0.012139491731941437,-0.9742788145053054
0.0820714306358544,0.00335636231177628,-1.0210177054377239
0.0739661464401014,-0.006554125676071058,-1.0662972745335604
0.06550850684560056,-0.017654299368042022,-1.1101317574700427
0.05659580453639833,-0.030021871938095253,-1.1525316555858387
0.04712627660952596,-0.0437504423499008,-1.1935027375115923
0.03699723410074829,-0.05894989012749443,-1.2330447833103664
0.02610329363904087,-0.07574674066792184,-1.271150051032752
0.014334717350944569,-0.09428455904064825,-1.3078014372903861
0.001575859286070673,-0.11472440923421544,-1.3429702931621499
-0.012296288444303083,-0.13724539316250034,-1.3766138447105198
-0.02741345852891238,-0.162045260397257,-1.4086721539387943
-0.04391738760949214,-0.1893410556467025,-1.439064541600004
-0.06196101424104593,-0.21936974566078227,-1.4676853784682422
-0.08170959003368483,-0.25238873883238105,-1.4943991373651961
-0.10334168674058733,-0.2886761766639139,-1.5190345856962835
-0.12705006672314934,-0.32853083278497974,-1.5413779894445547
-0.15304236473511723,-0.3722713973048053,-1.5611651973751293
-0.18154150475528855,-0.4202348452519054,-1.5780724827343158
-0.21278574609424628,-0.47277347906509287,-1.591706044659582
-0.247028217892664,-0.5302500863255739,-1.6015901203441059
-0.2845357607565801,-0.5930304551779253,-1.6071537411341672
-0.32558685006024596,-0.6614722366182694,-1.6077162923008743
-0.370468329958102,-0.7359088470328798,-1.6024722194914156
-0.4194706427803635,-0.8166268140908413,-1.5904754776799914
-0.47288119284085506,-0.9038347939925782,-1.5706246549819258
-0.5309754192462922,-0.997622613912979,-1.5416501445480564
-0.5940050203977352,-1.0979093375708064,-1.502105323563705
-0.6621824818315356,-1.20438057881735,-1.4503645135592182
-0.7356604982410551,-1.3164166463001794,-1.3846316939053724
-0.814504038963409,-1.4330133253995863,-1.3029657495788443
-0.8986520339311682,-1.5526947379600524,-1.2033307360284209
-0.9878659735607687,-1.673413811417685,-1.0836834324896092
-1.081665692676274,-1.7924376968187268,-0.9421146795548805
-1.1792589750482387,-1.9062344105733042,-0.7770620144467623
-1.2794785660566712,-2.010412312868949,-0.5876008294124613
-1.380740717216135,-2.0997838716207733,-0.37379404971608743
-1.4810292472114253,-2.168588209339717,-0.13704875478664738
-1.5778979689926709,-2.2108370810781524,0.11957791517007318
-1.6684919042575002,-2.2207494389361924,0.39115335069790913
-1.7496142800641126,-2.193335973586111,0.6707433159650905
-1.8178761364734575,-2.1252074566766828,0.9494836295446768
-1.869938113547243,-2.0154565845321115,1.2170719731385842
-1.9028279099573593,-1.8662052179273914,1.4628220568087673
-1.914287980921023,-1.6824808376884297,1.6770307948642749
-1.9030356469519465,-1.471510125583886,1.852104570826756
-1.8688315646991966,-1.2418854832361725,1.983078571062722
-1.8124155967790874,-1.0029419217749935,2.067640317447448
-1.735436582349959,-0.7642227158733433,2.1060159265131437
-1.6403815743093477,-0.5347556009311842,2.1008800277091573
-1.5304191976018782,-0.32218215382508064,2.057128924347439
-1.4091349733204077,-0.13206924070870382,1.981338596161385
-1.2802332737629138,0.032352927125383193,1.8809667801063263
-1.1472831446803051,0.17003941748562473,1.7635028774166008
-1.0135287375994904,0.2817283448162856,1.6357325901723219
-0.8817573197790508,0.369446363710307,1.5032272124249824
-0.7542245183264337,0.4360201670787349,1.3701348628951957
-0.6326381904360766,0.4846458052441129,1.2392689283498788
-0.5181912410585047,0.5185456525171558,1.1123815245328346
-0.4116252995429435,0.5407302619474653,0.9904732262445616
-0.31330716350778515,0.5538659232255849,0.8740419947603604
-0.2233048427221003,0.5602295484988232,0.7632491959877314
-0.14145621175610817,0.5617206599852838,0.6580244612562758
-0.06742805233981247,0.5599008789220069,0.5581382517414939
-0.0007655516028574963,0.5560404329521438,0.4632603040543271
0.059067096883913726,0.5511617367120965,0.37301009752317504
0.11265422798482967,0.5460775256398567,0.286998679168935
0.1606034250161666,0.5414244105624337,0.2048596362516449
0.20352628680528095,0.537693258375433,0.12626838600832693
0.24202409285309662,0.5352571152507114,0.050950990023806264
0.2766773923715786,0.5343966129826192,-0.021314905460843164
0.3080387875775429,0.5353224128063131,-0.09070399623087495
0.33662838096465375,0.538194262009106,-0.1573494649921175
0.362931463038344,0.543136495064531,-0.22134942303775879
0.38739804673912487,0.5502501218876801,-0.28277249557441775
0.4104438499740903,0.5596218946080236,-0.34166202250768873
0.4324523266010925,0.5713308842640836,-0.398038769028081
0.4537773691160522,0.5854531313793417,-0.4519022773586394
0.4747463556516882,0.6020648845519769,-0.5032310902810825
0.49566328106607427,0.6212448403726257,-0.5519820889808589
0.51681178434721,0.6430756743455913,-0.5980891527503869
0.5384579508867585,0.6676450271587299,-0.6414612938715679
0.5608528205353999,0.6950459971368859,-0.6819803646838744
0.5842345668947858,0.7253770948376697,-0.7194983853828258
0.6088303295208957,0.7587415410791147,-0.7538345062470679
0.6348576803847684,0.7952457331303111,-0.7847716003477648
0.6625256920641375,0.8349966611355565,-0.8120524849272819
0.6920355511279291,0.8780980232359704,-0.8353757937644701
0.7235806292883096,0.9246447592203203,-0.8543915712990663
0.7573458900160676,0.9747156968413495,-0.8686967349422237
0.7935064720030307,1.0283639833339997,-0.877830658662708
0.8322252556650614,1.0856049625842872,-0.8812712734926211
0.8736491879178132,1.146401166540434,-0.8784322645485669
0.9179041181127519,1.2106441349572734,-0.86866217412054
0.965087890784066,1.278132885105155,-0.8512464968922963
1.0152614581215837,1.3485490557140003,-0.8254141675695873
1.0684378297434485,1.4214290878598028,-0.7903501670533202
1.1245687858250266,1.4961343230383664,-0.745216257920277
1.1835294605846118,1.5718206271930542,-0.6891820145445626
1.2451011729795132,1.6474100811408434,-0.6214682095295572
1.308953244276264,1.7215683227517438,-0.5414040995581092
1.3746249715915233,1.7926920746948545,-0.44849907096633024
1.4415093455938317,1.8589119337869873,-0.34252738233380065
1.5088403833873236,1.9181153790430667,-0.22362245372884348
1.575685985552191,1.9679942877400873,-0.09237455379093833
1.6409480729422181,2.0061207744894056,0.05007685911425387
1.7033717408160216,2.03005591897696,0.20196736886142067
1.7615657142494106,2.037497737582015,0.3608622540974284
1.8140374881255745,2.0264740339843965,0.5236583119887751
1.859247264130076,1.9955755542076108,0.6866516258313393
1.895683556415,1.9442003867269202,0.8456876913323357
1.921958733220005,1.8727495914782764,0.9963986540849998
1.9369148239097014,1.7827012359730396,1.1345090606981767
1.939721831220397,1.676520338220113,1.2561626831126438
1.9299488932459132,1.5574291750695648,1.3582060631151671
1.907596645358912,1.429118852151395,1.4383773893421625
1.8730917398622107,1.2954828903633475,1.4953885782650893
1.8272522552111443,1.1604034963407972,1.5289242707907913
1.7712329233325006,1.027572466831991,1.539587613729767
1.706456274135838,0.9003200055011972,1.5288043305833996
1.6345341667804159,0.7814498102810062,1.4986801532677183
1.5571842886287983,0.6731057771832147,1.4518098504377477
1.476146920500911,0.5767013839494128,1.391054031573034
1.3931076747115563,0.49292702420009094,1.3193155172392848
1.30963155169559,0.42182772270142704,1.239348418578365
1.2271123928256333,0.36292767739214643,1.1536212241662618
1.1467398466386174,0.3153738894464976,1.0642391346761864
1.0694838019534565,0.27807591387057096,0.972918544086743
0.9960943756766112,0.24982709891420746,0.8810005985151453
0.9271142885001781,0.22940052813530798,0.7894898654442063
0.8628999085293538,0.21561853021944377,0.6991059621921049
0.8036473122891955,0.2073980123974399,0.6103387996977464
0.7494202244624916,0.20377557303245963,0.5235010221249657
0.7001774375638404,0.20391695218006847,0.43877387424497255
0.6557980908722061,0.2071153100439108,0.35624490001906306
0.6161038763267269,0.2127823526921851,0.2759374492637596
0.5808777781434533,0.2204356315387282,0.1978329237474326
0.5498793355954862,0.22968455895513304,0.12188710958992735
0.5228566666366917,0.2402169062999676,0.04804196856539732
0.4995556349586574,0.2517868536686594,-0.023765935456793633
0.47972661341829237,0.2642050864787709,-0.09359947423113313
0.4631293146667239,0.2773310018915147,-0.16151681538919055
0.449536140759267,0.29106679796774115,-0.22756865984146168
0.43873445833791874,0.3053530567711158,-0.291796536059325
0.43052814291679486,0.32016537751071916,-0.3542318989901284
0.42473866223884166,0.3355116412959901,-0.4148958143219795
0.4212058919098939,0.35142956815530574,-0.47379902692320686
0.4197887837581284,0.36798433394222263,-0.5309422290342827
0.4203659450604445,0.38526612711340147,-0.586316365148805
0.42283613969126416,0.40338762531140715,-0.6399028365810099
0.42711869270898045,0.4224814471282549,-0.6916734963677502
0.43315376748838175,0.4426976792597087,-0.7415903505552557
0.44090248637421153,0.4642015928911217,-0.7896049021638146
0.4503468774387776,0.48717164933292967,-0.8356570878900438
0.4614896460793963,0.5117978601573117,-0.8796737650650328
0.47435378599715616,0.5382805189554858,-0.9215667086797235
0.48898205567309644,0.5668292674779954,-0.961230076976036
0.5054363512683158,0.5976624039192939,-0.9985373007849099
0.52379700373037,0.6310062888422977,-1.0333373479939447
0.54416201667452,0.6670946557209879,-1.0654503117917298
0.5666462428809887,0.7061675871980146,-1.0946622714669438
0.5913804718134027,0.7484698722201132,-1.1207193799162554
0.6185103691254847,0.794248409703525,-1.143321145955156
0.6481951720817852,0.8437482677949926,-1.1621129067228595
0.6806060022324907,0.8972069415835674,-1.1766775325255452
0.7159236084364323,0.9548462756936267,-1.1865264825326414
0.754335299502596,1.0168614340592357,-1.1910904472966266
0.7960307671739537,1.0834062143719267,-1.1897099895545922
0.8411964392860911,1.15457393271199,-1.1816268487979766
0.890007944466663,1.2303730676846132,-1.1659769312798738
0.9426202217808656,1.310696890244582,-1.141786488114673
0.9991547836317143,1.3952864744998943,-1.1079736026686617
1.0596836559005083,1.4836868778159715,-1.063357851199328
1.1242096015828376,1.575197029197896,-1.0066818035183502
1.1926424214548879,1.6688151431765925,-0.9366487471571987
1.2647714753615842,1.7631834352217806,-0.8519813908638875
1.34023515820954,1.8565385418394207,-0.7515059483508114
1.4184889600032127,1.9466769050721409,-0.6342644515659978
1.4987748793655415,2.030946359333846,-0.4996549897526352
1.5800959830982113,2.106274702126712,-0.34759480151113037
1.6612001321391214,2.169242462290186,-0.17869550606319512
1.7405759288787503,2.216202937045371,0.005565426159601386
1.816462796165754,2.2434543908270155,0.20269709508901382
1.8868781939195778,2.2474819249800673,0.40909699755205486
1.949669263602647,2.2252996835879943,0.6200376522833958
2.0026002415652253,2.174904853467488,0.8297855672447273
2.0434852619815476,2.0957725990359277,1.0319002234284058
2.0703645306467453,1.989207323524116,1.2197274368585067
2.0816982511728295,1.8583404951035458,1.3870250349999482
2.0765283726432577,1.7077284441593834,1.5285691622910722
2.0545630277203593,1.5427550249935673,1.640568281194109
2.0161780858808958,1.3691262887342799,1.720816611801625
1.9623626449673761,1.1925689089651066,1.768666008875385
1.8946338188783476,1.0186252163269542,1.7849344804983542
1.8149315827878336,0.8523975140683114,1.771785422183491
1.7254980681652385,0.6982156396142957,1.7325260337209396
1.628746614037586,0.5593256353854619,1.6712787395030626
1.527128393445571,0.43771855497921,1.5925552351956322
1.4230068660961037,0.3341502281411362,1.5008264913562175
1.318551228674087,0.2483200189719334,1.4001814660303513
1.2156577128078585,0.17913407629017816,1.2941183368402411
1.1159025786237442,0.12498161084762172,1.185461079277476
1.0205253989652998,0.08397849754363984,1.0763683439226124
0.9304375589136709,0.054158877153367785,0.9683990067129169
0.8462491770951293,0.033612702144193984,0.8626064328070289
0.7683074824671238,0.02057539266290698,0.7596420156708081
0.6967405158719593,0.013478469390402665,0.6598550163360672
0.6315013883496874,0.010970250405555122,0.5633805413948259
0.5724098176894671,0.011915012578339056,0.470211449043338
0.5191889977134378,0.015377981482889488,0.38025323905585023
0.47149689119796245,0.020602281167006735,0.2933633609005305
0.4289517603249697,0.026982630792197787,0.20937771327351096
0.3911522116807342,0.034039225170397244,0.12812750072619783
0.35769230786778805,0.04139399306097957,0.04944934200572694
0.3281724444975414,0.04875037834338744,-0.02680907759395823
0.302206749486867,0.055876981616209104,-0.10078618217534646
0.27942775556471383,0.06259484032412124,-0.17260544800017807
0.25948904289998087,0.06876779157996665,-0.2423754589890521
0.24206646002323937,0.07429521380917804,-0.3101906762549478
0.226858420410733,0.07910643508848503,-0.37613266509867127
0.21358565180697384,0.08315618211862366,-0.4402715962136122
0.2019906575101368,0.08642058342786987,-0.5026678779271923
0.19183704374644134,0.08889339969389971,-0.5633738050473442
0.18290878259733204,0.0905823067618469,-0.6224351368824272
0.17500941998779507,0.09150518483996718,-0.6798925437216226
0.16796120357381858,0.0916864601439929,-0.7357828852918782
0.16160409320803681,0.09115359972283958,-0.7901403039144801
0.1557946217937211,0.0899338789336113,-0.8429971281333781
0.1504045903250123,0.08805153076117156,-0.8943845900271026
0.1453196013654346,0.08552535587704549,-0.9443333628893551
0.14043745479295544,0.0823668315047355,-0.9928739273525417
0.13566644463031824,0.07857871440792491,-1.0400367747817416
0.13092360427081395,0.07415409538612402,-1.0858524576035138
0.12613294909106618,0.0690758339451168,-1.1303514972030033
0.1212237611986444,0.06331628432008747,-1.1735641607619782
0.1161289524903941,0.056837217710651367,-1.2155201184436095
0.11078353115429398,0.04958984885288627,-1.2562479912839297
0.10512318499475129,0.041514885420403096,-1.295774797850775
0.09908298393286905,0.03254253343835292,-1.3341253041953003
0.09259619472599048,0.022592408329410417,-1.3713212769890095
0.08559319391242488,0.01157331732455073,-1.4073806341932042
0.0780004603752052,-0.000617106631214278,-1.4423164813080842
0.06973962659819752,-0.014092927384622585,-1.4761360142961943
0.06072656734268468,-0.028980582999752695,-1.5088392627007745
0.05087050570907869,-0.04541970946550467,-1.540417638253473
0.04007311898116299,-0.06356409654517023,-1.5708522453152556
0.028227629963679245,-0.08358275699560927,-1.6001118997296966
0.015217873511779556,-0.10566108576345633,-1.628150792013873
0.0009173325368542276,-0.1300020802564231,-1.6549057192462595
-0.01481185697845968,-0.15682758542436512,-1.6802927976151254
-0.032119926303226486,-0.18637951706303565,-1.70420355462067
-0.0511705066124101,-0.21892100208044135,-1.726500286903579
-0.07214165184971433,-0.25473735351320104,-1.7470105575196886
-0.09522681808284696,-0.29413676799619376,-1.7655206966670767
-0.1206357506373699,-0.33745058980792253,-1.7817681646179964
-0.14859521074708937,-0.385032921809702,-1.7954326380981225
-0.17934944803486952,-0.43725926937228154,-1.8061256959456247
-0.21316029249003535,-0.4945237639002808,-1.8133790122391098
-0.25030669873095845,-0.5572343078088562,-1.8166310221575295
-0.29108352621243017,-0.62580468945959,-1.8152121155627967
-0.33579928342798804,-0.7006423159279633,-1.8083285440144767
-0.38477250589074763,-0.7821297096044151,-1.7950454069377677
-0.43832638028343823,-0.8705973817291067,-1.774269321641472
-0.49678116479400775,-0.9662853244722217,-1.7447316984532162
-0.5604438519092629,-1.0692905121995273,-1.7049739856834074
-0.6295942750559917,-1.1794989229586832,-1.6533369423087731
-0.7044662910045388,-1.2965028374467515,-1.5879571879016507
-0.7852215758748976,-1.4195065970268321,-1.5067763464380006
-0.871912019071657,-1.5472239440939148,-1.407571418192322
-0.9644255840785638,-1.6777648660021411,-1.288019724659431
-1.0624120865471325,-1.80850321895078,-1.1458174841480702
-1.165192491972752,-1.9359249679360842,-0.9788754625385269
-1.2716677538920764,-2.0554989950334877,-0.7856102435606659
-1.3802521837230206,-2.16166785565945,-0.5653233463972679
-1.4888481924549763,-2.2480472923289168,-0.3186177260475993
-1.5948554663836323,-2.3078117044578423,-0.04778395411142353
-1.695198890848195,-2.3341603280097116,0.2428676828799724
-1.786392417797902,-2.3208777460154173,0.5467015488584338
-1.864692267952551,-2.2631690223616165,0.8545369450261842
-1.9263587208178061,-2.1587695511271274,1.1548566791964192
-1.9679844479459152,-2.0088621841004457,1.4349111657293498
-1.9868549678739027,-1.8182102431983522,1.6826189762576613
-1.981265207659351,-1.594429709479997,1.8883339239614405
-1.9506412558452981,-1.3469663076636549,2.045632578017837
-1.895481868343201,-1.0863583961602696,2.1512307750794677
-1.817306873266193,-0.8236980162756228,2.2047385082263555
-1.7186489315538265,-0.5697973901186625,2.2086329144042427
-1.602932685546787,-0.334006531633576,2.168171493199663
-1.474162131758549,-0.1231867690530441,2.0908382432899333
-1.3365279117757993,0.05871240755614916,1.9853434781495054
-1.1940771215383124,0.21045942648820004,1.8605165571664881
-1.0504832019448123,0.3329892606286469,1.72436226891329
-0.9088911900006582,0.42874766669132186,1.5834102067669207
-0.7718284325009284,0.5010722354756009,1.442444087630121
-0.6411854266851289,0.5536688376540111,1.3046159983704106
-0.5182585138054762,0.5902088830016431,1.1718055787739066
-0.40383204825240976,0.6140613643134353,1.0450218458887297
-0.29827572389773604,0.6281575423873231,0.9247142027158402
-0.20163861225393892,0.634962562358018,0.8109669732730806
-0.11373016618914036,0.6365125181535304,0.7036137080308429
-0.03418590259252492,0.6344770437108896,0.6023146215161728
0.03748071842830394,0.6302212924217778,0.5066223703508095
0.10183783759702056,0.6248566396885687,0.41604268064180516
0.1595039631861157,0.6192798666460473,0.330086396350021
0.21112397838476754,0.6142047563341294,0.24830788524678002
0.2573506227220542,0.6101899446463486,0.17032756276241617
0.29883005125386847,0.6076650877659636,0.09583993764934658
0.336190564093627,0.606955691683096,0.024610993055197275
0.3700340363005853,0.6083059977433033,-0.04353059105893324
0.4009298339310258,0.6118991194143977,-0.10870445641805797
0.4294110606566377,0.6178738833439563,-0.1709890869986352
0.4559729096303575,0.626338239163225,-0.23043031165092992
0.48107278705846873,0.6373794678666894,-0.2870472316185752
0.5051317934473923,0.6510716495636902,-0.3408356391912693
0.5285371246697501,0.6674809374846575,-0.3917693170806945
0.5516449863675235,0.6866691562226768,-0.43979971693566655
0.5747836838091333,0.7086961408552892,-0.4848544952589586
0.598256632976296,0.733621099215144,-0.5268353020856593
0.6223451186064319,0.7615031416944347,-0.5656151160756396
0.647310688877715,0.7924010000863142,-0.6010353251565242
0.6733971186844607,0.8263718581303847,-0.632902678551652
0.7008318934582164,0.8634691437684103,-0.6609861909713339
0.7298271660528076,0.9037390845199911,-0.6850140662743582
0.7605801249105375,0.9472157989497917,-0.7046707275311741
0.7932726877846088,0.9939146853237298,-0.7195940937639775
0.8280704069390842,1.0438238717117636,-0.7293733308534383
0.8651204440239862,1.0968935119232874,-0.7335474249054981
0.9045484507427922,1.1530227551934964,-0.7316050796085749
0.9464541803844161,1.212044296045751,-0.722986621545914
0.9909056615722914,1.2737065410090425,-0.7070888014488187
1.0379317968261772,1.337653631926677,-0.6832735894127351
1.087513313819862,1.4034038640092958,-0.6508822499440372
1.1395721064017506,1.4703274485484559,-0.6092561027113812
1.1939591640601968,1.537625097800759,-0.5577653611322944
1.2504415055085396,1.6043095240803658,-0.4958472099728272
1.3086887950006467,1.6691925703485517,-0.42305374663062256
1.3682605994567574,1.7308812003307716,-0.3391095011673854
1.428595489157577,1.7877858341925417,-0.24397695603293235
1.489003337116419,1.8381444597421133,-0.13792688084989932
1.5486622110143482,1.8800657042156053,-0.021608529500654006
1.6066212443235266,1.9115939246501175,0.10388702646283902
1.6618109758991895,1.9307995272226257,0.2369788547951338
1.713062976742568,1.9358974727159186,0.3755734454253127
1.7591409886655793,1.9253941560074035,0.5170786312190911
1.7987857306848416,1.8982547382291761,0.6584654678350819
1.830774198460224,1.8540689483173278,0.7963862908621451
1.8539911433889076,1.7931787572865872,0.9273489083148978
1.8675058414305488,1.7167276650415635,1.0479331777597785
1.8706431341466652,1.626608333165326,1.1550209374131954
1.8630369362962724,1.525318857724654,1.2460017192546113
1.8446583912867223,1.4157678750734335,1.3189225180197282
1.8158174313289788,1.3010744659011224,1.3725686940307646
1.7771415680895801,1.1843898108525388,1.4064826491238274
1.7295373362105,1.068743120001162,1.420934842084675
1.6741391839700641,0.9569038016175115,1.4168571996506993
1.6122497907700528,0.8512579929803183,1.395741819253717
1.545275626046881,0.7537092987187826,1.3595073350304279
1.474661801411481,0.6656188405885523,1.3103422155004907
1.4018304170345337,0.5877947349954045,1.2505423519166101
1.3281263452680219,0.5205301647452739,1.18236314292275
1.254773622387263,0.4636790354275562,1.1079021709806838
1.1828444112405214,0.41675303221193966,1.0290203408046048
1.1132410757191589,0.3790241151493904,0.9473011134657977
1.0466905511877136,0.34962013804395864,0.8640418235665169
0.983749138458477,0.3276060080157183,0.7802685206623258
0.9248152231219138,0.31204704987043314,0.696765599360674
0.8701472422383569,0.302054361799422,0.614112680455517
0.8198844093695469,0.29681391743171326,0.5327230004045554
0.7740681377973573,0.2956022073248835,0.45287946175778077
0.7326626341738554,0.29779158229964553,0.37476619560700153
0.6955736608513453,0.3028483818830361,0.2984948235795745
0.6626649167377522,0.31032657277935377,0.22412551929400756
0.6337718357114449,0.31985911341862644,0.15168348086034233
0.6087128486792759,0.3311486987310441,0.08117161966569535
0.5872983152609482,0.34395899556820336,0.012580254951229011
0.5693374231082534,0.35810700138677504,-0.05410551776688109
0.5546433946519781,0.3734567741639071,-0.1189002647629701
0.5430373464142797,0.3899145004405927,-0.18181406731077243
0.5343511250341042,0.40742468853835306,-0.24284948849987703
0.528429404404602,0.4259671840822166,-0.3019994047615071
0.5251312761718545,0.44555468803507126,-0.3592454800642541
0.5243315073368455,0.46623049354948365,-0.41455707527944435
0.525921579840019,0.48806622635314967,-0.46789039800715604
0.5298105734288459,0.5111594545721027,-0.5191877149268536
0.5359259094040719,0.5356311111941232,-0.5683764706770202
0.5442139418404291,0.5616227332433164,-0.615368182567138
0.554640365217322,0.5892935584359164,-0.6600570061419717
0.5671904015246958,0.6188175296550039,-0.7023178902035865
0.5818687325488451,0.6503802411550528,-0.7420042600756922
0.5986991499295334,0.6841758220770241,-0.7789451849187767
0.6177239022916956,0.7204036983265174,-0.812942000382788
0.6390027214127139,0.759265109212165,-0.8437643744646952
0.6626115051103014,0.8009591859613719,-0.8711458255494553
0.6886406216375355,0.8456783297813811,-0.8947787313815015
0.7171927783331092,0.8936025609514946,-0.9143089110684314
0.7483803666264084,0.9448924504483448,-0.9293299251125275
0.7823221577032972,0.9996801951916393,-0.9393773281055848
0.8191391805958337,1.0580583622733213,-0.9439232336271993
0.8589495706699443,1.120065814999931,-0.9423717205199464
0.9018621364339052,1.1856703580613441,-0.9340558332767498
0.94796836331103,1.2547477220319738,-0.9182372130511184
0.9973325643060456,1.3270566800232702,-0.8941097382985345
1.0499799126733071,1.402210394494057,-0.8608089382345634
1.1058821682825253,1.4796445829397606,-0.8174293247589022
1.1649410590992915,1.5585838209193266,-0.7630520871039018
1.2269695259179798,1.6380082980578092,-0.6967856776130189
1.2916714007609633,1.7166245619344054,-0.6178215091489572
1.3586205625898513,1.7928450425951126,-0.5255060860937458
1.427241140457592,1.8647820912407844,-0.41942924691433714
1.496790777916611,1.9302624622036577,-0.29952579797364487
1.5663491514601575,1.9868674582581514,-0.16618489059727437
1.6348137775059517,2.032002956369424,-0.020358443017718816
1.7009049142759567,2.0630037132709136,0.13634297859732364
1.763181679344998,2.0772787744536343,0.30158134860063723
1.8200727533875416,2.0725071355247513,0.4722675163066742
1.8699265503492608,2.0468870510665633,0.6446044668949866
1.9110856420564741,1.999418860408502,0.8142198469554549
1.9419864429337486,1.9301615406728476,0.9764012277066986
1.961276691911366,1.840372894735297,1.1264238018853958
1.9679322946236677,1.7324611588575523,1.2599244234155726
1.9613489970635711,1.6097522644129456,1.373246400368541
1.9413908388264827,1.4761620633406078,1.4636833033519479
1.9083931800817806,1.3358837636221332,1.5295943448419742
1.863130259987151,1.1931439669865564,1.5704157801731427
1.8067588250831192,1.0520085593851605,1.586609803214584
1.7407454184538205,0.916196592194907,1.5795706240163654
1.6667821582367168,0.7888897852750605,1.5514806595209092
1.586695684867038,0.672565649797912,1.505107858392559
1.5023549082577279,0.5688966069017498,1.4435571828848397
1.4155839448792689,0.47874053083708257,1.370012661664348
1.3280865509186683,0.40221823640338356,1.2875121042793871
1.2413871344060752,0.33885082888058604,1.1987833022421528
1.1567912293970926,0.28772285703603495,1.106150037265055
1.0753657449219383,0.24764264338832453,1.0114999940653147
0.9979370349262292,0.21728165451722298,0.9162989129616296
0.9251032911687852,0.19528466181746798,0.8216342828905898
0.8572570533553849,0.18034939878188458,0.7282742404988191
0.7946136638801281,0.17127843159905815,0.63673076085375
0.7372420569413115,0.1670078668499697,0.5473196470814242
0.6850951121474917,0.16661814263080071,0.4602128825998072
0.6380376961610866,0.1693320292160732,0.3754814283018298
0.5958713086621241,0.1745044162254772,0.29312840455837463
0.5583548686796668,0.18160767737398806,0.213113750836654
0.5252216155021757,0.19021551894638591,0.13537197453078886
0.4961923813492185,0.19998734120911496,0.05982464697833435
0.4709856578847813,0.2106543522183389,-0.01361092655827209
0.44932495925635013,0.22200802088486554,-0.08501577247320595
0.4309440061507778,0.2338909632394481,-0.1544652821567143
0.41559023595923444,0.24619002284168592,-0.22202669441922707
0.40302709563143485,0.25883111781443974,-0.28775767075737707
0.39303550531418074,0.27177535836925576,-0.35170569787368594
0.38541480047224846,0.28501596085994907,-0.41390809645696347
0.37998337580388764,0.29857556747844943,-0.47439243819004445
0.37657917370529337,0.31250369649570475,-0.5331771912589678
0.3750600903650613,0.326874171859787,-0.5902724365328844
0.3753043191172054,0.3417824934935003,-0.6456805232968987
0.3772106162333296,0.35734319736763787,-0.6993965621545382
0.3806984587613089,0.37368731034595065,-0.751408679513017
0.3857080645333869,0.3909600278278655,-0.8016979797574495
0.39220025641685424,0.4093187360615908,-0.8502381762754261
0.4001561708133827,0.4289314725302862,-0.8969948609373355
0.4095768291299605,0.4499758752876048,-0.9419243844936538
0.420482606292534,0.47263862357947733,-0.984972318990983
0.432912639657967,0.49711532412643067,-1.0260714689928117
0.4469242236968894,0.5236107544341689,-1.0651393920740582
0.46259223059993104,0.552339338342309,-1.1020753814334214
0.4800085853467474,0.5835256992500719,-1.1367568551371585
0.499281806963629,0.6174051106766479,-1.1690350881984455
0.5205366068046486,0.6542236382684153,-1.1987302164690028
0.5439135104612123,0.694237737562549,-1.2256254367817219
0.5695684424991911,0.737713033112782,-1.2494603283378578
0.5976721821732692,0.7849219527118151,-1.2699232295172085
0.6284095625483299,0.8361398220175845,-1.2866426272582543
0.6619782436896888,0.891638937937488,-1.2991775603581035
0.698586841388831,0.9516800337764274,-1.3070071141454889
0.7384521353992614,1.0165004285844326,-1.309519207020264
0.7817950156836335,1.0862980249310195,-1.30599905999076
0.828834754031742,1.1612101975804312,-1.2956180257728365
0.8797811167673252,1.2412865243515434,-1.2774238674989278
0.9348237708905904,1.3264542902029082,-1.250334154068795
0.9941183938159837,1.4164758141938811,-1.2131352068929324
1.057768893572201,1.510897020222387,-1.1644899896485121
1.125805206734518,1.6089874792641317,-1.1029594152041828
1.19815630486308,1.7096736563109367,-1.0270425834531203
1.2746183779343832,1.811469591582018,-0.9352421420820594
1.3548187996134136,1.9124128500732078,-0.8261607807979983
1.4381775762235611,2.0100177901704814,-0.6986331668681849
1.5238695827335857,2.1012613878006983,-0.5518937444844344
1.6107925571522026,2.182616308332608,-0.3857745736404779
1.6975464011753878,2.25013993064047,-0.200919819842624
1.7824278026010412,2.2996202159119803,0.0010031284716005423
1.863441925255603,2.326781112218452,0.2171206119423839
1.938334153940207,2.3275718309180333,0.4432289906290431
2.0046514565724545,2.2985904496141822,0.6737767419036179
2.0598489411203085,2.2376662189559986,0.9020194340831594
2.1014546643993555,2.1444932971016772,1.1204159344801625
2.1272897811211773,2.021032248601712,1.3212813154110843
2.1357064208190466,1.8713869964063499,1.4975928972776957
2.125770986216951,1.7011651489684572,1.6437172709990082
2.0973379228612874,1.5167004755837736,1.7558283555120815
2.0510238473129854,1.3245273799121509,1.8319846091331404
1.9881262948230463,1.1311405700543269,1.8720349465945978
1.910514803609662,0.9427926478944266,1.8775064658113745
1.8205018249937877,0.765141103325669,1.851460734150476
1.720697284743215,0.6027919476224514,1.7982101362080756
1.613853085230881,0.4589316857566807,1.7228505603468693
1.502707269977964,0.335199486713784,1.6306987804049828
1.3898417085631474,0.23181617410438998,1.5267855659603657
1.2775680148784105,0.14788184723089073,1.4155105129079206
1.1678512702437904,0.08172933448112737,1.3004773439894872
1.0622730420435198,0.031251542726779685,1.1844698660267539
0.9620286745925831,-0.005835742922794408,1.0695151470748112
0.8679505518386896,-0.03180279971157812,0.9569915209439738
0.7805483709666413,-0.04877885861503588,0.847753784421476
0.7000583631282825,-0.05867678081045999,0.7422582004136314
0.6264950610447539,-0.06315748202977138,0.6406760899583491
0.5597010952721354,-0.06362338333869744,0.5429892630039183
0.49939222480202194,-0.06123161381904979,0.44906448748642497
0.4451961689984663,-0.05691916899775117,0.35870754372559077
0.39668476480393444,-0.05143379114346517,0.27169970576388097
0.3533995901577108,-0.04536594126567277,0.18782055050433782
0.31487157025618195,-0.03917875997658968,0.10686101844749281
0.280635300587378,-0.03323424493863229,0.028630039513061034
0.25023893116295987,-0.027814928738275395,-0.04704280769119276
0.22325048713922163,-0.023141098109388827,-0.12030693802492151
0.19926146773193548,-0.0193840719655848,-0.1912916653874293
0.1778884816133703,-0.016676296582785383,-0.2601077588305747
0.15877355803729007,-0.015119077443865106,-0.3268492933399378
0.14158363530009582,-0.014788704848329188,-0.3915955817581968
0.12600958791743525,-0.015741594481922784,-0.45441305075155025
0.11176502492654747,-0.018018895920655212,-0.515356968121716
0.09858498426491621,-0.021650852942689165,-0.5744729595612227
0.08622456813741033,-0.026661051352709055,-0.6317982771520694
0.0744575131470073,-0.03307057566465148,-0.6873628003566135
0.06307466430828101,-0.040902020495619335,-0.7411897619065697
0.051882318617314196,-0.050183264629010724,-0.7932961954672414
0.04070041483904261,-0.060950909594641535,-0.8436931002857074
0.029360564660825456,-0.07325330178816923,-0.892385312336019
0.017703940360123675,-0.08715308815391679,-0.9393710640767945
0.005579051284199138,-0.10272929128775536,-0.984641207606821
-0.007160546750138705,-0.12007892294966623,-1.028178069569848
-0.020658559309463614,-0.1393181799042478,-1.069953900541155
-0.03505822837283762,-0.1605832793917413,-1.1099288761623107
-0.05050452815728511,-0.18403099198295303,-1.1480486011565987
-0.06714624103021857,-0.2098389171783764,-1.1842410599570778
-0.08513787839418563,-0.23820552282275698,-1.2184129488962199
-0.10464141507706826,-0.26934993436591115,-1.2504453152516763
-0.12582780590823436,-0.30351141493995815,-1.2801884191392952
-0.14887824862178553,-0.34094842196964154,-1.3074557273091143
-0.17398514717630023,-0.3819370591915516,-1.3320169462839968
-0.20135271353398704,-0.42676866183254747,-1.3535900100837266
-0.2311971237751049,-0.47574615357573274,-1.3718319605246794
-0.26374611644282697,-0.5291786930347466,-1.3863287030012892
-0.2992378880918107,-0.5873739829996196,-1.3965836968209056
-0.3379191046835087,-0.6506274520170535,-1.4020057573760856
-0.3800418097073238,-0.7192073520760358,-1.401896319581611
-0.425858972022704,-0.793334687567658,-1.3954367498383806
-0.47561837619892017,-0.8731568687929482,-1.38167660749435
-0.5295545044485236,-0.9587141632840638,-1.3595241544790293
-0.5878779650977196,-1.0498984807183764,-1.3277409025822209
-0.6507618425121251,-1.1464047360070957,-1.2849425918849997
-0.7183240312948385,-1.2476756861318241,-1.2296097629100042
-0.7906041892190905,-1.3528411091959238,-1.1601121338081315
-0.8675336001319449,-1.4606509769011902,-1.0747525242021332
-0.9488964987415773,-1.5694007081075545,-0.9718382860840064
-1.034283043135844,-1.6768483178855127,-0.8497908427343124
-1.1230375436605005,-1.7801335972645156,-0.7073051119444974
-1.2142096696651168,-1.8757285480753594,-0.5435659330036642
-1.3065180241882481,-1.9594628446907068,-0.35851384653665064
-1.3983318741818067,-2.026657635539324,-0.15313063750012226
-1.4876703737789652,-2.072367337142323,0.07030067548982469
-1.5722179839891206,-2.091712648309152,0.30800478306881063
-1.6493651536514056,-2.0803173453814288,0.5546262809522142
-1.7162950519088178,-2.0348804798975024,0.8032931883000225
-1.770135790396976,-1.9538323201149066,1.0459184561193244
-1.8081849778655195,-1.8378672776282414,1.2738163687052255
-1.8281892609965031,-1.6900932541937013,1.4785786073569849
-1.8286110540343214,-1.5157002622659494,1.6529800370766017
-1.808784194676079,-1.3213269683266702,1.7916434624324777
-1.7689255371843604,-1.1144274122528706,1.8913376741191616
-1.71006451812383,-0.902772976506799,1.9509901709131785
-1.6339538245837109,-0.6939871770275284,1.9715759698208855
-1.5429586720334392,-0.4950055366674898,1.9559410221777234
-1.439896807430176,-0.31153088289310804,1.9084997430224884
-1.327835757281671,-0.1476517526065029,1.8347653599081575
-1.2098859054676638,-0.005721471464232197,1.7407679283759967
-1.0890213528590547,0.11352471383503106,1.6324617265411936
-0.9679392925633776,0.21069920332534456,1.515215854359974
-0.8489606201189401,0.28742150164194546,1.3934677315715245
-0.7339749174160262,0.3459666921635706,1.2705897769322005
-0.6244286817723816,0.388942305392084,1.1489547809068976
-0.5213481491546963,0.41902086362494123,1.030121469416112
-0.42538419772214164,0.43874465257917994,0.9150468759697836
-0.3368677921062471,0.45040582012335245,0.8042651800550035
-0.25586776655161286,0.4559913858580055,0.6980162877161052
-0.18224620900333854,0.4571746565342696,0.5963337171157785
-0.11570907502269247,0.45533396855993685,0.4991074146259806
-0.0558507978805218,0.451584191064249,0.4061326572173983
-0.0021921764296272267,0.4468122003143244,0.31715004786173334
0.04578872000068212,0.44171205410081293,0.2318777075962082
0.08863236488220999,0.43681816124729106,0.15003548349113366
0.12687959640297505,0.4325357921771429,0.07136129786577738
0.16105850804070096,0.4291685464383596,-0.004379444744655195
0.1916754532357606,0.42694244118886776,-0.07738987586108888
0.21920932336271073,0.4260263760424521,-0.1478414013431922
0.24410840530263456,0.42654891211381946,-0.2158756167332101
0.26678924937046045,0.42861152603284375,-0.2816072063189874
0.28763706651911713,0.43229869916529223,-0.3451270201106478
0.3070072364062401,0.4376853379884133,-0.4065048564461885
0.32522756146662946,0.4448420816787353,-0.4657917215565436
0.34260095786006867,0.45383904535114666,-0.5230214922223848
0.3594083355011284,0.4647484892561342,-0.57821199196155
0.37591148379803063,0.4776468147650185,-0.6313655269062379
0.3923558419241194,0.4926161843366862,-0.6824689332677556
0.40897308699917556,0.5097459584865913,-0.7314931773083546
0.4259835164961572,0.5291340477583889,-0.7783925295462785
0.44359823053675224,0.5508881977026145,-0.8231033127311567
0.46202113540308093,0.5751271622587116,-0.8655422012748684
0.48145079290439063,0.6019816750154169,-0.9056040306715785
0.5020821333789547,0.6315950954250363,-0.9431590608243892
0.5241080355566875,0.6641235832922511,-0.9780496285722111
0.5477207565470842,0.6997356339989047,-1.0100861232517593
0.573113171601123,0.7386107831800622,-1.0390422259273164
0.6004797570257344,0.7809372578618756,-1.0646493693757861
0.6300172209041816,0.8269083076563775,-1.0865904043037042
0.6619246546040287,0.8767168925389106,-1.104492501435795
0.6964030425323466,0.9305483333260861,-1.1179193851822007
0.7336539273432623,0.9885704503401785,-1.1263630916815206
0.7738769825374424,1.0509206316011825,-1.1292355847806446
0.8172661951544763,1.1176891958130597,-1.1258607642929586
0.8640043112180296,1.1888983659270556,-1.1154676809689863
0.9142551519388498,1.264476174960287,-1.0971861516791352
0.9681533795550409,1.3442247312355238,-1.0700464604503328
1.025791293257684,1.4277825420547434,-1.0329854336340445
1.0872022896024143,1.5145811294745821,-0.9848618535021963
1.1523407587963053,1.603797094899096,-0.9244848281298724
1.2210584511128892,1.6943022286174376,-0.8506591857607209
1.2930777915776541,1.7846162630432456,-0.7622519261159474
1.3679632968275155,1.872869235528356,-0.6582828682627342
1.4450931432502727,1.956782514039596,-0.538040509495304
1.523633862856793,2.0336782447626773,-0.4012205738124577
1.6025216679907293,2.1005253484063418,-0.2480800911327719
1.680453574444231,2.1540268794902735,-0.07959500888026996
1.7558905375159333,2.190752218881411,0.10239482460283073
1.8270746924895445,2.2073231605956654,0.2950734421105417
1.8920650762538502,2.2006742051753028,0.4945955310837961
1.9488000046461025,2.1684073219807645,0.6961276550398111
1.995195650032072,2.1092219446476017,0.8940257256728841
2.029285101474675,2.0233161879866737,1.0821792192433928
2.0493875506568426,1.9125832926637814,1.2545088881029034
2.0542754908537324,1.7804689727877265,1.4055322411056035
2.043295684526307,1.6315335990197128,1.53085245221535
2.016416904033774,1.4709337115834158,1.6274486149108618
1.9742116242670371,1.3040239161708091,1.6937551400333122
1.917795736253256,1.1361076766049076,1.729615618408256
1.8487437046290476,0.9722296283211165,1.7361904403486363
1.7689864419729253,0.8169180598083857,1.715821555403354
1.680696308583126,0.6738920936830174,1.6718105065698268
1.5861651073467826,0.5458242590133655,1.6080918564533015
1.487683078353408,0.43424168118937656,1.5288465689783226
1.3874284464685225,0.33958692261663354,1.4381368476935819
1.2873768169560533,0.2613998046111041,1.3396303370867928
1.1892369036048511,0.1985568653635706,1.2364393684164907
1.0944146864621511,0.14951279196615452,1.1310637284579348
1.0040039391537583,0.11250973020314045,1.0254084679489224
0.9187982710936762,0.08574060426533149,0.9208476003688055
0.8393185718478242,0.06746555860493557,0.818310610229471
0.765849725254491,0.05608693921438217,0.7183753246227443
0.6984812715589378,0.0501904714709681,0.6213560825754498
0.637147934289034,0.048560592984359566,0.5273804465021166
0.5816672490059027,0.050177374550798175,0.43645127911696596
0.5317726948296592,0.05420154905055556,0.34849384384285287
0.4871416260514463,0.05995303722301502,0.26338951515448006
0.4474179230223728,0.0668871251472809,0.18099866563389666
0.41222967730482346,0.07457122499903,0.10117548484953713
0.38120245719050083,0.08266404137784016,0.023777159678462542
0.3539688172048064,0.09089804330778394,-0.05133070795736372
0.3301747541388857,0.09906544221063807,-0.12427113714768812
0.3094837948663623,0.10700740003609137,-0.19515441090400693
0.29157934293566035,0.11460591638478719,-0.2640777985754699
0.27616582384821364,0.12177773235868493,-0.33112602275854464
0.2629690642984523,0.1284696004756784,-0.3963722382426898
0.2517362294752812,0.13465436344344744,-0.45987934226058913
0.2422355352847966,0.14032742309717847,-0.521701465609063
0.23425585817543015,0.14550333346969518,-0.5818855198930153
0.22760629090815315,0.1502123948467785,-0.6404727033766211
0.22211564174072762,0.15449724232063708,-0.6974998962181612
0.21763184724598011,0.15840950381057683,-0.7530009021206685
0.214021262381531,0.16200664659529906,-0.8070075148103555
0.21116780025111168,0.1653491414505617,-0.8595504030292802
0.20897191199270065,0.16849805669125278,-0.910659817358678
0.20734941832265946,0.17151315993249855,-0.9603661276757134
0.2062302235045836,0.1744515626137804,-1.0087002031101187
0.20555695659104162,0.17736689955593746,-1.0556936483447037
0.20528359215151848,0.18030899930825164,-1.1013789117044002
0.20537410332053246,0.18332397463961964,-1.1457892818527526
0.20580119494799723,0.18645464771098866,-1.1889587908866965
0.20654515560196268,0.189741220724143,-1.2309220419349023
0.20759285603613908,0.19322210825874345,-1.2717139788556002
0.20893691021153826,0.19693485941187655,-1.3113696142829885
0.21057500440938326,0.2009171134027492,-1.349923730207125
0.21250939129141816,0.20520754894820614,-1.3874105626860214
0.21474653940196614,0.20984680346956394,-1.4238634793882008
0.21729692462759903,0.21487835175373035,-1.4593146556255276
0.22017494831724443,0.2203493444089749,-1.4937947514828502
0.22339896672843398,0.22631141420972345,-1.5273325896502836
0.22699141774227705,0.2328214634729243,-1.5599548306341628
0.23097903292376049,0.23994244842394033,-1.5916856391424825
0.23539312559504844,0.24774417764458467,-1.6225463325570972
0.2402699483210481,0.2563041416807839,-1.6525549994378923
0.24565111585238836,0.2657083901698074,-1.681726072848788
0.25158409198768317,0.2760524717601482,-1.7100698398223693
0.25812274092754456,0.2874424508518851,-1.7375918643353367
0.26532794546735605,0.2999960138750334,-1.7642922965713002
0.2732682958107726,0.31384367643291333,-1.7901650357950691
0.28202085388552767,0.329130101049485,-1.815196707620393
0.29167199880176325,0.3460155332526598,-1.8393654085598081
0.3023183594789048,0.36467736096111414,-1.8626391612113786
0.314067840404479,0.38531179813517835,-1.8849740119470713
0.3270407458374841,0.408135687724033,-1.9063116891857979
0.3413710062995844,0.4333884101483157,-1.9265767239189269
0.3572075085522742,0.4613338705933926,-1.9456729147838376
0.3747155259038857,0.49226251945637345,-1.9634789973898747
0.39407823885073723,0.5264933329374514,-1.9798433516600922
0.41549832562656613,0.5643756416941126,-1.9945775517722286
0.43919958667425374,0.6062906403310397,-2.007448531386924
0.46542854427543917,0.6526523336815261,-2.018169103441869
0.49445592584068837,0.7039075704012562,-2.026386541164915
0.5265778932592996,0.7605346721249657,-2.0316688991879968
0.5621168172675499,0.823039978231858,-2.0334887377112665
0.6014213109406797,0.8919513829577662,-2.0312039204541343
0.6448651269127694,0.9678076351496022,-2.024035208920049
0.6928443880702625,1.051141795716109,-2.011040506092186
0.7457724655987484,1.1424568007796985,-1.9910858714916457
0.8040716539602125,1.2421905572273189,-1.9628139355485077
0.8681606432200748,1.3506673950440817,-1.9246112401627389
0.938436689551898,1.4680320048762026,-1.8745775436189194
1.015251371177651,1.5941612080452812,-1.8105025000977373
1.09887889883105,1.7285481886129899,-1.7298585053060855
1.189476040236202,1.8701537789905331,-1.6298226860339189
1.2870325162958764,2.017221743759738,-1.5073452050359835
1.3913096699645613,2.1670632682276487,-1.3592840692873127
1.501763041791555,2.3158349263850293,-1.1826277722051102
1.617443423907204,2.4583660792893887,-0.9748259010996054
1.7368782892226198,2.5881231989598508,-0.7342394565963567
1.8579577652402846,2.6973917397635163,-0.460695515821256
1.977870901446829,2.7776709407631386,-0.15608746590444877
2.0931208217219837,2.8201629738961786,0.1750564626418368
2.199605633608474,2.816297516319165,0.5250884513397666
2.292766800879732,2.758603085763587,0.8829402907233768
2.3678349797346407,2.6424787391035403,1.234339571175494
2.4201732814510017,2.4685853884993083,1.5630162209257783
2.445795256109785,2.2439126795503226,1.8530093070754032
2.4420415134274176,1.9798079450252808,2.0913658573120144
2.4079903412463977,1.6886561239437283,2.2697501707900245
2.3444113756127263,1.382585401229724,2.384289649950281
2.2535209669709944,1.074267517902553,2.4349260614185284
2.1386874017857194,0.7771091778520554,2.4254363383561355
2.0041383485452844,0.5035669395924225,2.3636055388508463
1.854695945129822,0.26283119386081644,2.260383283644853
1.6954588634759995,0.059605688066747056,2.1278959747548702
1.531394303068309,-0.1055708597168954,1.977412199117549
1.3669533190242151,-0.23512177637772533,1.818200106323416
1.205829095075185,-0.33313434068833125,1.6572871889218688
1.0508759704094288,-0.40437433527721955,1.499678338134216
0.9041437605673589,-0.4536674157279426,1.3486913284457027
0.766974211787134,-0.4855489786513402,1.2062827467399342
0.640119742543817,-0.5040793290078397,1.0733491929106969
0.5238608617167093,-0.5127606486035214,0.9500101438342332
0.41811152593216844,-0.5145218094017984,0.8358676329187683
0.3225095401302214,-0.5117491263624825,0.7302285792634648
0.23649277233601695,-0.5063448421974798,0.6322775557848505
0.1593629701294378,-0.4997979063043948,0.5411967157330394
0.09033867148188691,-0.493255626572245,0.45623850057869647
0.028598106544881513,-0.48758927596066154,0.37676174062211276
-0.026687331042188296,-0.4834505367424402,0.30224262984500205
-0.07632837766182418,-0.48131820858950497,0.23227040580492528
-0.12110096785400029,-0.4815359651418324,0.16653504962696705
-0.16173576368141945,-0.4843424721854665,0.10481194141806058
-0.1989126692124515,-0.4898952409170923,0.04694653815928576
-0.23325889252233376,-0.49828943728573294,-0.007159195646885608
-0.26534931313347365,-0.5095726469317567,-0.05755778719690023
-0.29570818814376715,-0.5237563724835255,-0.10426447294410576
-0.3248115139388425,-0.5408248428486765,-0.14726280986611068
-0.3530896044413113,-0.5607415513556668,-0.18650808336735933
-0.3809296291875261,-0.5834538124736859,-0.22192902478564389
-0.4086779730382705,-0.6088955333859966,-0.2534283771994156
-0.43664234401460233,-0.6369883330913405,-0.2808828187259479
-0.46509358167385806,-0.6676411031546418,-0.30414269356099205
-0.4942671208368177,-0.7007480857812673,-0.3230319341940667
-0.5243640570001113,-0.7361855422291534,-0.3373484996288575
-0.55555174950462,-0.7738070944994231,-0.34686561406594774
-0.5879638921859316,-0.813437843905428,-0.3513340725553247
-0.6216999819599164,-0.8548674011295044,-0.35048588382474705
-0.6568241252584637,-0.8978420050786856,-0.3440395411650309
-0.6933631416165715,-0.9420559658604076,-0.33170724211976743
-0.7313039545100575,-0.9871427471358909,-0.31320440596730026
-0.7705903038893216,-1.0326661148993044,-0.2882618498679497
-0.8111188752554827,-1.0781119352465496,-0.2566409597454504
-0.8527350183700734,-1.1228814120958415,-0.21815210292901205
-0.8952283239764136,-1.1662868145804286,-0.1726763420281534
-0.9383284337149643,-1.207551026849008,-0.12019018807182211
-0.9817015653502517,-1.24581250107367,-0.060792652653402585
-1.0249483267976294,-1.2801373164629626,0.005266765812583785
-1.067603453448756,-1.3095399379685766,0.07756123184347544
-1.1091381272474623,-1.3330138398117672,0.15546358505803257
-1.1489655279771473,-1.3495723657618253,0.23813037535988327
-1.1864502371662191,-1.3582990434771969,0.324496130308068
-1.220922056976535,-1.3584050952685613,0.4132806407810092
-1.2516946738708414,-1.3492901814111524,0.5030111903645225
-1.2780892960864838,-1.3306006754153752,0.5920604884886842
-1.2994628205517018,-1.302278403867753,0.6786997420284754
-1.31523920748453,-1.2645923878159284,0.7611648753503977
-1.3249416954560902,-1.2181473008385542,0.8377323492086877
-1.328222606748419,-1.1638653322004608,0.9067993367233773
-1.3248871868629197,-1.1029424038990672,0.9669614433224392
-1.314908461870031,-1.0367840065399314,1.0170802931695364
-1.2984314048069256,-0.9669288519097367,1.056333815059123
-1.2757663538896373,-0.8949692238012412,1.0842441951034063
-1.2473730809719943,-0.8224755312854781,1.1006817227287737
-1.2138377980800739,-0.7509301562154383,1.1058461029942819
-1.1758456498064684,-0.6816733785019505,1.100229283324947
-1.1341510481625707,-0.6158625819565835,1.0845650657019712
-1.0895478168092338,-0.5544450788085155,1.0597709627768648
-1.0428407126470318,-0.49814439409963795,1.026887374242904
-0.9948195611214727,-0.447459391399825,0.9870185646409577
-0.9462369651402324,-0.40267505743744375,0.9412792255901224
-0.8977902790925435,-0.363883131061347,0.890749548759362
-0.8501082446011757,-0.3310101861204251,0.8364406666648471
-0.8037423641775417,-0.3038503912986917,0.7792711021475048
-0.7591627747268769,-0.28210006478449545,0.7200536920843228
-0.71675811709095,-0.26539134643589984,0.659491534252545
-0.6768387125096647,-0.25332278649674256,0.5981809867253798
-0.6396422639418771,-0.2454853061283332,0.5366196339297781
-0.6053412929348801,-0.24148270246134468,0.47521732262300287
-0.5740515829075163,-0.2409465358238554,0.41430872336557417
-0.5458410044891869,-0.24354576635603903,0.3541662660581508
-0.5207382255176165,-0.24899186165074919,0.29501265582220815
-0.49874093853157786,-0.25704027739293556,0.23703246650678167
-0.4798233584507603,-0.26748924853339895,0.18038253030073595
-0.463942844742359,-0.2801767614472626,0.12520100252097432
-0.4510455829707375,-0.2949764498221385,0.07161509242258957
-0.4410713210539356,-0.3117930029006757,0.019747524541264688
-0.4339571985127994,-0.33055751785875803,-0.030278160210523958
-0.4296407356374444,-0.351223082493509,-0.07833333074995413
-0.42806206655524676,-0.3737607467066157,-0.1242808768287488
-0.4291655077395292,-0.39815593366071445,-0.16797256156826715
-0.43290055305907654,-0.42440525388273853,-0.20924697677468365
-0.4392223792427981,-0.4525136171817216,-0.2479279705620244
-0.44809193277974896,-0.4824914872545585,-0.2838234290820709
-0.45947565206853624,-0.5143520916719612,-0.3167243118516988
-0.4733448585227719,-0.548108384965075,-0.3464038651634196
-0.4896748289207824,-0.5837695638606165,-0.37261697198086974
-0.5084435401921911,-0.6213369498984386,-0.395099640361538
-0.5296300586207807,-0.6607990837130596,-0.41356868553135806
-0.5532125294945773,-0.7021259148089192,-0.4277217219086391
-0.5791657117055629,-0.745262018338592,-0.43723764846871493
-0.607457995658105,-0.7901188242658723,-0.44177788123514616
-0.6380478430188936,-0.8365659033565676,-0.4409886576453822
-0.670879594519585,-0.8844214192738831,-0.4345048063622622
-0.7058786090522526,-0.9334419298382455,-0.42195543982856276
-0.7429457265930098,-0.9833118104435314,-0.4029720812659239
-0.7819510932197965,-1.033632691375296,-0.37719977526875703
-0.8227274536176997,-1.083913466520358,-0.3443117370245743
-0.8650631091108238,-1.1335616633281647,-0.30402804325691724
-0.908694857557493,-1.1818772730692677,-0.2561387164905578
-0.953301367314438,-1.2280505091106677,-0.20053124703389869
-0.9984975712522668,-1.2711653252507729,-0.13722207562901087
-1.043830768328517,-1.3102107697368142,-0.06639079057800276
-1.0887791580802644,-1.3441022263204505,0.011585192113617776
-1.1327534922863742,-1.3717141736107485,0.09609876519021646
-1.175102426076513,-1.39192521970141,0.18628829237864816
-1.2151220401414722,-1.4036748613661783,0.2810244542350989
-1.2520699415434946,-1.4060297345561035,0.37891316112126017
-1.2851843312638125,-1.3982551298241384,0.478317815022884
-1.3137083402564025,-1.3798853830808953,0.5774023933654949
-1.336919570782554,-1.3507848120035395,0.6741946184821693
-1.3541639412096818,-1.3111899119503754,0.766666207914569
-1.3648916382947192,-1.261724487923407,0.8528250873125526
-1.3686916089179495,-1.2033828275150134,0.9308125580937073
-1.3653202276827319,-1.1374814355220737,0.9989968840335359
-1.3547201220048208,-1.0655855991237801,1.056054061022705
-1.3370266724829654,-0.9894210057254527,1.1010273606755856
-1.3125618653846691,-0.9107814471266977,1.1333599354012984
-1.2818171200624,-0.8314415971862512,1.1528987721786073
-1.245427856371469,-0.7530805391728412,1.1598722703101032
-1.2041428206028608,-0.6772188412777043,1.1548464823121134
-1.1587908553908808,-0.6051703226039828,1.138666211032337
-1.1102472729823962,-0.5380089963254261,1.112387131294828
-1.0594015334330977,-0.4765513709172855,1.0772045939626478
-1.0071276120818544,-0.42135383563360207,1.0343842105873726
-0.9542582070471339,-0.3727241124195439,0.9851987373254654
-0.901563692656147,-0.3307448471473939,0.9308749691708258
-0.8497364068046873,-0.29530655798225314,0.8725531500275459
-0.7993804705646235,-0.2661465585084021,0.8112598610533829
-0.7510069304995511,-0.24289025842034717,0.7478937627314148
-0.7050336582712365,-0.22509145663514651,0.6832223010812697
-0.6617891903626839,-0.21226883137620683,0.6178867873420464
-0.6215195621849403,-0.2039366750567382,0.5524131451006782
-0.5843971760203585,-0.19962885470593922,0.4872259315631293
-0.5505308158174034,-0.198915842279548,0.4226637590825457
-0.5199760533077479,-0.20141533802831957,0.35899478608657986
-0.49274544996995384,-0.20679745094002003,0.29643141099844994
-0.4688181233352832,-0.2147856082589,0.23514365762609052
-0.4481483960507324,-0.22515438560613005,0.17527099490445114
-0.430673371610622,-0.23772534072955492,0.11693250972408234
-0.4163193783157943,-0.2523617553735255,0.06023546924983522
-0.40500729437957567,-0.26896298632194887,0.0052823838346056085
-0.39665681627663996,-0.2874589278121006,-0.04782327536385736
-0.3911897640191314,-0.3078049090503709,-0.09897252947276969
-0.3885325349241336,-0.3299771986244604,-0.14804733530087644
-0.388617824406921,-0.3539691627513214,-0.19491784121638267
-0.39138573029366475,-0.37978802465181705,-0.23944028445136878
-0.39678434748974556,-0.40745209557248907,-0.28145536793765846
-0.404769943832962,-0.4369882921950568,-0.3207869666878463
-0.41530678698823154,-0.46842971905279873,-0.35724103026125703
-0.42836666789003025,-0.5018130769961147,-0.39060457148280897
-0.4439281402657289,-0.5371756583626792,-0.42064466453614613
-0.46197546997917877,-0.5745517043911129,-0.4471074191358978
-0.4824972640148384,-0.6139679280499399,-0.4697169517704264
-0.5054847283219625,-0.6554380429811681,-0.488174438880015
-0.5309294875494628,-0.6989561839517784,-0.5021574083091526
-0.5588208886537351,-0.7444891539324764,-0.5113195020415114
-0.5891427049208368,-0.7919674864648311,-0.5152910227159937
-0.6218691575742894,-0.8412753692271279,-0.5136806567036329
-0.6569601797461831,-0.8922395369978785,-0.5060788460165547
-0.6943558641598804,-0.9446173133266482,-0.4920633585948845
-0.7339700652184957,-0.9980840686026629,-0.47120767923834583
-0.7756831744981083,-1.0522204842333327,-0.4430929058214565
-0.8193341641948073,-1.1065001949942075,-0.4073238732957045
-0.8647121042238214,-1.1602786583568254,-0.36355021126575393
-0.9115475091436573,-1.2127844978830424,-0.3114929153475381
-0.9595040527985494,-1.2631150791414207,-0.2509766965334154
-1.008171374719492,-1.3102386220723035,-0.18196777011105833
-1.0570598468012509,-1.3530055669289462,-0.1046157833862213
-1.1055982195983256,-1.390171969984695,-0.01929727283662999
-1.153134996364797,-1.4204372192683876,0.07334344971779044
-1.1989442180349654,-1.4424972605347732,0.17236141971459581
-1.2422361762578502,-1.4551128695671396,0.27649232790257544
-1.2821735126974816,-1.4571903839360885,0.38415392912739554
-1.3178932319684373,-1.4478697331182067,0.49347202889118535
-1.348535185353713,-1.426611653297447,0.6023330704470706
-1.3732772185057234,-1.3932731345061329,0.7084623235586709
-1.3913760634286045,-1.3481586035799265,0.8095236004908317
-1.4022111788480551,-1.2920356507224355,0.9032336063696851
-1.4053267052299834,-1.2261091707136822,0.9874815341124817
-1.4004655804142399,-1.151955753046081,1.0604425145298197
-1.3875905461603948,-1.0714282061654958,1.1206727684588325
-1.3668892171026101,-0.9865448634375154,1.1671758732774833
-1.3387635187577742,-0.899378087828364,1.1994338259395187
-1.3038062942334854,-0.81195232361423,1.2174023612758764
-1.2627689977915326,-0.726157084025984,1.2214750837020318
-1.2165242742238305,-0.643676849217975,1.21242381426584
-1.1660264901970154,-0.5659385257946868,1.1913231157225965
-1.1122725214208515,-0.49407696737343276,1.1594662986169268
-1.056264582816195,-0.4289189357368203,1.118279400630173
-0.9989766064399526,-0.3709852340897857,1.0692390781765981
-0.9413254733853126,-0.3205096154711242,1.0137998186283572
-0.8841481392501934,-0.2774717878658868,0.9533349042370732
-0.8281852872227936,-0.24164074084408177,0.8890938789768349
-0.7740716301884988,-0.21262394888130481,0.822177082689337
-0.7223324628646878,-0.18991789204386458,0.7535256768284017
-0.6733856404136066,-0.17295578683068208,0.6839240700654701
-0.6275478913337036,-0.1611493352642186,0.6140110440314295
-0.585044267136645,-0.15392248455521612,0.5442960840127494
-0.5460195625912692,-0.15073641049629868,0.4751781059400786
-0.5105506689050232,-0.15110598993065927,0.4069645901302002
-0.4786590087801503,-0.1546087827213962,0.3398898551161531
-0.45032241185457766,-0.160887965459198,0.2741317458804898
-0.425485993128959,-0.169650786657318,0.20982637891285005
-0.4040717756937107,-0.18066402642611676,0.14708082617782206
-0.3859869422268956,-0.19374773043762686,0.08598377397616848
-0.37113070584619406,-0.20876822203851686,0.026614289596817026
-0.3593998642578551,-0.22563112822213924,-0.030951114355605935
-0.3506931484252127,-0.24427491306772875,-0.08663289993320161
-0.3449145046285187,-0.26466520764750123,-0.14034418181708033
-0.34197546174843013,-0.2867900594848692,-0.19198744060887507
-0.3417967371535436,-0.31065609378544456,-0.24145205789016624
-0.3443092267819903,-0.33628547800721387,-0.2886124701891488
-0.3494545093672985,-0.36371350669928026,-0.3333267500682674
-0.3571849726661157,-0.3929865719451491,-0.37543543521916234
-0.3674636425749536,-0.424160254142457,-0.41476044342097307
-0.3802637659906943,-0.45729725642890034,-0.45110393556401074
-0.39556816714603704,-0.4924649116064337,-0.4842470231466469
-0.41336836689338374,-0.529732009951564,-0.5139482619895142
-0.4336634267686993,-0.5691647262197208,-0.5399419302731481
-0.45645845601221874,-0.6108214607494141,-0.5619361551597426
-0.4817627009359416,-0.6547464498041428,-0.5796110263397994
-0.5095871224692448,-0.7009620424509855,-0.5926169148868747
-0.5399413593003584,-0.7494595852756117,-0.6005733001527098
-0.5728299704424445,-0.8001889033297903,-0.6030684949436963
-0.6082478521162816,-0.8530464178290283,-0.5996607492936277
-0.6461747301739699,-0.9078620004307112,-0.5898813057268276
-0.686568643271192,-0.964384733786269,-0.5732400743258186
-0.7293583590573393,-1.022267836754063,-0.5492346941355473
-0.7744347154947239,-1.0810531403440646,-0.5173638453153229
-0.8216409661910644,-1.1401557067599917,-0.4771457610585934
-0.8707623482740551,-1.1988495280109865,-0.4281429245376373
-0.9215152940364405,-1.2562557809998272,-0.36999385030920046
-0.9735369648669018,-1.3113358605594585,-0.30245251831943065
-1.026376056824752,-1.3628922498794507,-0.22543529184174646
-1.0794860346678847,-1.409580952523589,-0.13907387031666466
-1.1322220051502376,-1.449939339340577,-0.04377099422013103
-1.1838422927792984,-1.4824325715408913,0.0597465372139597
-1.233515489467822,-1.5055202116427246,0.17038494313420832
-1.2803334917005766,-1.5177424119400726,0.2866591401138644
-1.3233310212521252,-1.5178223035663658,0.4066951546502403
-1.3615123896547752,-1.5047777502746797,0.5282652987259581
-1.3938865073770779,-1.4780313665445473,0.6488585665805829
-1.419510714022451,-1.4375033823960317,0.7657843517659433
-1.4375422861213554,-1.3836697118415218,0.8763032089257916
-1.447293488684058,-1.3175702010021442,0.977774446056791
-1.4482829453047743,-1.2407607499809215,1.067806914632389
-1.4402748387456792,-1.155215604586893,1.1443968463093996
-1.4232992950798706,-1.0631971845992252,1.206036353276336
-1.39765160538074,-0.9671150427098905,1.2517799299896541
-1.3638724886170763,-0.8693917917336367,1.2812637850549558
-1.3227143646473267,-0.7723459554820743,1.2946811898452546
-1.275099073831828,-0.6780950280788275,1.2927227257538092
-1.2220714941885398,-0.5884791948411755,1.2764920246840705
-1.1647522241142965,-0.5050062258960868,1.2474066523572267
-1.1042916014505169,-0.42881866785592915,1.2070923180316864
-1.0418269176073407,-0.3606841377589956,1.1572778182077779
-0.9784445374169453,-0.30100813454459147,1.0996979393025572
-0.9151484719239109,-0.24986690184139798,1.0360111043990574
-0.8528365836710985,-0.20705610959480425,0.9677370304026486
-0.7922850013996124,-0.17214986671026042,0.8962168997011094
-0.7341406013522481,-0.14456404029472378,0.8225952117657964
-0.678920754358447,-0.12361810929035237,0.7478196522268263
-0.6270190749957634,-0.10859075390326568,0.672653818888956
-0.578715681344604,-0.09876586684032386,0.5976976055252664
-0.5341904498402652,-0.09346735534182858,0.5234110026501805
-0.4935378725983563,-0.09208265939261581,0.45013838200002654
-0.45678234025427283,-0.09407610006996507,0.37813150697478076
-0.4238929364041529,-0.09899388838274535,0.3075703557885364
-0.394797101461742,-0.10646289480157119,0.2385813688457973
-0.3693927728438482,-0.11618521056196923,0.17125303347874482
-0.3475588143679651,-0.12793025671795563,0.10564889146932575
-0.32916370274773343,-0.14152583279266895,0.04181815686177462
-0.3140725459364325,-0.1568491256743314,-0.020195808303494878
-0.30215257567002096,-0.1738183670052317,-0.08034888243091559
-0.29327729510846023,-0.1923855518210426,-0.13859115125193483
-0.28732948049569906,-0.2125304136442175,-0.1948631745749005
-0.28420323909547196,-0.23425568457043558,-0.24909328895313454
-0.2838053178322366,-0.2575835440115287,-0.301195698451386
-0.2860558401851018,-0.28255306872023284,-0.35106912024124415
-0.29088862451609965,-0.30921843380417846,-0.3985957647411391
-0.2982512067533698,-0.33764757589584904,-0.4436404438034026
-0.3081046560432698,-0.36792101276611083,-0.48604961849586314
-0.3204232357234365,-0.4001305156752191,-0.5256502235838495
-0.33519392591736813,-0.4343773480105019,-0.5622481410075454
-0.35241579022242825,-0.47076981153568864,-0.5956262400675617
-0.37209913899177033,-0.5094198744748428,-0.6255419569486289
-0.3942644166841099,-0.5504386885607385,-0.6517244491743641
-0.4189407211313389,-0.5939308314581649,-0.6738714301694699
-0.44616384819277866,-0.6399871355155239,-0.6916458645175176
-0.4759737454447073,-0.6886759855284148,-0.7046727858319711
-0.508411252250653,-0.740032991750948,-0.7125365872054634
-0.5435139995872686,-0.7940489757914466,-0.7147792300200464
-0.5813113403825092,-0.8506562515465491,-0.7108999213529945
-0.6218181797185747,-0.9097132432385624,-0.7003569239360813
-0.6650275759717238,-0.9709875566938966,-0.6825722866386874
-0.7109019948164724,-1.0341377077180003,-0.6569404200177418
-0.7593631309261232,-1.0986938251661478,-0.6228415935240349
-0.8102802893591616,-1.1640378312131912,-0.5796615960802918
-0.8634574705014649,-1.2293839522444105,-0.5268189555044283
-0.9186195585028204,-1.2937610632887302,-0.4638011776168273
-0.9753983802552461,-1.3559994130715136,-0.3902112778162924
-1.0333198336249383,-1.4147256345956236,-0.30582517442555
-1.0917936590808388,-1.468371230699221,-0.21065900231862283
-1.150107576337592,-1.5152002890625476,-0.10504293801984854
-1.2074272991583408,-1.553361455421442,0.010305078911633292
-1.2628034312758822,-1.5809671201234303,0.1342155836837471
-1.3151857425843378,-1.5961998453560482,0.26502585768792675
-1.3634452580067407,-1.5974426523421714,0.40057248831407566
-1.4064051636062727,-1.5834253980155852,0.5382280619692601
-1.4428823390900274,-1.5533731760113976,0.6749869790226215
-1.4717412563765506,-1.5071350983939034,0.8075988793040914
-1.4919597272083018,-1.4452667163117874,0.932741194921448
-1.5027012079712683,-1.3690423042911384,1.0472159043256908
-1.5033829736996265,-1.2803872183367024,1.1481501107889873
-1.4937271570780617,-1.1817415202260935,1.2331763327664131
-1.4737849507870269,-1.0758835323418658,1.3005687243052158
-1.4439317067169462,-0.965746177886163,1.3493185557350083
-1.4048377362289217,-0.8542493803622172,1.3791450573327708
-1.357422859077137,-0.744157648660066,1.3904501021891287
-1.3028021416532616,-0.6379631502226378,1.3842313914574784
-1.2422280152168048,-0.5377935052068593,1.3619684302082513
-1.1770320603640276,-0.44534602209734603,1.3254925558429036
-1.1085688428260971,-0.36185143228553585,1.2768502407395077
-1.038164004330325,-0.28806885609910826,1.2181688212568582
-0.9670688431439263,-0.2243107775846936,1.1515346053799864
-0.89642346296069,-0.17049370510913073,1.0788931508152577
-0.8272300095452955,-0.12620781006727752,1.0019790056593199
-0.7603365786950882,-0.0907974622506001,0.9222774005675911
-0.6964313214835007,-0.06344429481368402,0.841014885932176
-0.6360454020263882,-0.043245227216161995,0.759171858638299
-0.5795629491445663,-0.02927960172039333,0.6775085465783142
-0.5272359764746276,-0.02066189792537021,0.5965970486745732
-0.47920232587346673,-0.016578890698908555,0.5168542625191579
-0.4355049193981285,-0.016312142858091048,0.4385727778257559
-0.39611092134768355,-0.019248086007293736,0.36194843720140746
-0.36092976856026193,-0.02487858520044392,0.287104188262365
-0.32982938287742264,-0.032794931822733825,0.2141102780802797
-0.3026501965955257,-0.042677872916924646,0.14300101100600174
-0.279216874172209,-0.05428576721998385,0.0737883613808775
-0.2593477933531384,-0.06744240829221267,0.006472772297359805
-0.24286246329268973,-0.08202555998170676,-0.058948503389818
-0.2295871210932895,-0.09795684460051006,-0.12247515474402693
-0.21935877710911963,-0.11519331285867652,-0.18409930016910536
-0.2120279855341468,-0.1337207944487332,-0.24380237424331164
-0.20746060800739474,-0.15354896242892424,-0.30155310356232357
-0.20553881855988004,-0.17470792807297145,-0.3573062861839167
-0.20616157059924992,-0.19724610440455226,-0.4110021102747426
-0.2092447124961044,-0.22122902890993185,-0.4625657649903583
-0.21472089946126066,-0.24673881435778575,-0.5119071132684285
-0.22253940784533524,-0.27387389780866717,-0.5589202156481672
-0.23266591604110917,-0.302748777952614,-0.6034825193193324
-0.2450822761075284,-0.3334934647231291,-0.6454535586417873
-0.2597862640447808,-0.36625240602055725,-0.6846730519201947
-0.2767912657542922,-0.40118269670883244,-0.720958322613651
-0.2961258308036986,-0.43845140740102695,-0.7541010194807661
-0.31783300709278,-0.4782318890883506,-0.7838631582325581
-0.34196935559724995,-0.5206989114275089,-0.8099725574524547
-0.3686035342740277,-0.5660224782797455,-0.8321177960714738
-0.39781433242328673,-0.6143601388492839,-0.8499428824316844
-0.42968802978590676,-0.6658475854637134,-0.8630419007495493
-0.46431494698963444,-0.7205873118267311,-0.8709539943178456
-0.5017850443116715,-0.7786351119897742,-0.8731591595215906
-0.5421824127425694,-0.8399842419405719,-0.8690754619923604
-0.5855784837039923,-0.9045471471870691,-0.8580584450251385
-0.632023761100858,-0.9721347729593234,-0.839403678942781
-0.6815378548999004,-1.042433596469526,-0.8123535993308378
-0.7340975814977111,-1.114980629300562,-0.7761100103823902
-0.7896229225121929,-1.1891367456316413,-0.7298539041781522
-0.847960754472511,-1.2640589132350337,-0.672774579841522
-0.9088665515546944,-1.3386725061712395,-0.6041103994859685
-0.9719847854605213,-1.411646221881583,-0.5232037147492842
-1.0368294860452791,-1.4813743905555008,-0.4295721351278662
-1.1027672099976225,-1.545974208096431,-0.32299677609356625
-1.1690051452827375,-1.6033073644923352,-0.20362487231293525
-1.2345868884536981,-1.6510351445213305,-0.07207918669290492
-1.2983975128052176,-1.6867129243634422,0.0704390332356448
