x,y,z
-1.6031549474463755,-0.49999260381618654,-0.2998567784951367
-1.5967215936797527,-0.518084021169498,-0.29983887358070627
-1.5901097551451282,-0.536131508620544,-0.2998413151593051
-1.5833233392317556,-0.5541382340629357,-0.29986197979720686
-1.5763581078116986,-0.5721011364108379,-0.2999032265374677
-1.5692150008197765,-0.5900184238400478,-0.2999663596655975
-1.5618930012213554,-0.6078869857336368,-0.30004449912775155
-1.5543960645720245,-0.6257050319240863,-0.300132808986612
-1.546728027138536,-0.6434723384775517,-0.30022595691422693
-1.5388883519733758,-0.6611868299864547,-0.30031470399963456
-1.5308785000019816,-0.6788470377591903,-0.3003900245938107
-1.5227013195641255,-0.6964524526254394,-0.30044557137495653
-1.5143606587490734,-0.714003106030499,-0.3004755483012511
-1.505861227740676,-0.7314984475980526,-0.30047666677132145
-1.4972058563387276,-0.7489379153791497,-0.30044570989199926
-1.488397371967308,-0.7663210993961477,-0.30038076703099215
-1.479439331930212,-0.7836488951681113,-0.30028257999484786
-1.4703335970834932,-0.8009208283413585,-0.3001543945828731
-1.4610796296471218,-0.8181351168812491,-0.3000005297624093
-1.4516767392234926,-0.8352908914927402,-0.2998274378915704
-1.4421233283998847,-0.852387564989173,-0.29964358473338204
-1.4324175735288853,-0.8694242351410516,-0.2994591103497435
-1.4225572783185032,-0.8863997519141682,-0.29928451435888714
-1.4125402103508677,-0.9033125011494629,-0.29912989471253026
-1.4023654705456141,-0.9201603855194669,-0.2990042801388686
-1.392033052228883,-0.9369406840516366,-0.2989145437126406
-1.3815435795849553,-0.9536494841293575,-0.2988645168694224
-1.370898536969658,-0.9702818657076256,-0.29885441421617465
-1.3600999292571259,-0.9868318283772164,-0.29888022601912834
-1.3491497318653272,-1.003292470082808,-0.2989340955323394
-1.3380490761342774,-1.0196565241627045,-0.29900512548388924
-1.3267981975988652,-1.035917001910338,-0.2990806124865295
-1.3153961432112982,-1.0520681707085724,-0.29914732163483615
-1.303840644030673,-1.0681060895326895,-0.29919307256184413
-1.292128285695589,-1.0840291478457742,-0.2992082150720621
-1.2802548317693832,-1.0998382803371352,-0.2991868126363191
-1.2682157451862506,-1.1155366664910396,-0.2991274972708666
-1.25600677638641,-1.1311291675345083,-0.299033704071862
-1.243624356831941,-1.1466213329041284,-0.29891323334559194
-1.2310661375606329,-1.1620184917938428,-0.2987773769361206
-1.2183314999326802,-1.1773249710010263,-0.2986395969174711
-1.2054219678000384,-1.1925434733408322,-0.29851404345389354
-1.1923414382151893,-1.2076747911168326,-0.2984139159890624
-1.179096268844792,-1.2227178717149216,-0.2983499710879378
-1.1656951404323377,-1.2376702195559235,-0.298329314814481
-1.1521486148476572,-1.2525283646257823,-0.2983546055986328
-1.1384684477123117,-1.2672882985786482,-0.29842373925795473
-1.1246667035649378,-1.281945846446642,-0.2985300288416597
-1.1107547640000854,-1.2964968938921884,-0.2986628686203059
-1.0967423369420422,-1.3109374770923217,-0.29880881940772563
-1.0826366052624934,-1.3252637755299488,-0.2989529970362548
-1.0684416057195805,-1.3394721311158617,-0.29908067379974934
-1.0541578496371389,-1.3535591154764939,-0.2991789000790708
-1.0397822112620414,-1.3675216626485192,-0.2992379869078927
-1.0253080583052476,-1.3813572569863886,-0.2992526728102116
-1.0107256614908204,-1.3950640889876953,-0.2992228155353398
-0.9960229161962412,-1.408641104249617,-0.29915348367091776
-0.98118641693612,-1.4220878164188833,-0.29905432111744923
-0.9662029247416519,-1.435403854259973,-0.29893817226388064
-0.9510611703571475,-1.448588292053312,-0.29881906460543517
-0.9357537882918204,-1.461638901437469,-0.2987097955297031
-0.9202789794712956,-1.4745515715060113,-0.2986195171633492
-0.9046414005207077,-1.4873201655632393,-0.2985518072848423
-0.888851807452526,-1.4999370606690274,-0.2985037395630914
-0.8729252452304492,-1.5123944262522766,-0.29846630196479196
-0.856878036742488,-1.524686040197035,-0.29842624617517877
-0.8407243144543616,-1.536809175157668,-0.29836909650321175
-0.8244731374922216,-1.5487659202727446,-0.2982827187970818
-0.808127135003319,-1.5605633726882293,-0.29816063312267804
-0.7916831237329083,-1.5722124289487924,-0.2980042126810343
-0.7751344455959532,-1.5837253694637607,-0.2978231102804254
-0.75847417363983,-1.5951128580527645,-0.2976336546608642
-0.7416980944843954,-1.6063812023263673,-0.29745549959147377
-0.7248065680895157,-1.6175306547475439,-0.29730732250412095
-0.7078048530777071,-1.6285551926219066,-0.29720268165828245
-0.6907020084645725,-1.6394437477171246,-0.29714712280606626
-0.6735088498006535,-1.6501824316856002,-0.2971372589466468
-0.6562355727470648,-1.6607570735734916,-0.2971619639701273
-0.6388896155864701,-1.6711554099200656,-0.2972052238411489
-0.6214741995508837,-1.6813684909807631,-0.29724977466358404
-0.6039878173464573,-1.6913911738047256,-0.29728053768347595
-0.5864247500444344,-1.701221833991732,-0.29728704078568513
-0.5687764851156114,-1.7108615711977222,-0.29726440275908717
-0.551033709746752,-1.7203132015374887,-0.2972129019587011
-0.5331884155387248,-1.7295802672866953,-0.29713651479991454
-0.5152356309144448,-1.738666206557166,-0.2970409999506196
-0.49717441204471796,-1.7475737485698928,-0.296932102526281
-0.4790079363089999,-1.7563045487711673,-0.2968142956140507
-0.4607427824260675,-1.7648590495869843,-0.29669023923378024
-0.4423876715902503,-1.7732365405317139,-0.29656090343917985
-0.4239520347401723,-1.7814353888427263,-0.29642613969102305
-0.40544475122799517,-1.789453410651508,-0.29628542428059257
-0.38687329351626276,-1.7972883453088286,-0.2961385300027286
-0.3682433541739005,-1.8049383776998211,-0.29598597059119935
-0.3495588789655802,-1.812402629355991,-0.2958291615999036
-0.3308223306427018,-1.8196815216179023,-0.29567032043981945
-0.31203498987898665,-1.8267769184420104,-0.2955121746925049
-0.29319715879880837,-1.8336919908086227,-0.2953575669075037
-0.274308234501467,-1.840430803816374,-0.2952090453524998
-0.25536671617321116,-1.8469976944274609,-0.2950685201115424
-0.23637025939861542,-1.8533965601370515,-0.29493704420921407
-0.21731587850989606,-1.859630198503734,-0.2948147504296459
-0.1982003350738161,-1.8656998181100162,-0.2947009396493594
-0.17902066991557078,-1.87160479042076,-0.29459428260885057
-0.15977477257247152,-1.877342648186874,-0.2944930733155584
-0.14046186001966462,-1.8829092817569575,-0.29439546584087584
-0.1210827607385396,-1.8882992570082342,-0.2942996395192601
-0.10163995653288896,-1.8935061825053099,-0.2942038656869901
-0.08213739801077988,-1.898523080643597,-0.2941064819312724
-0.06258015679280618,-1.9033427509327037,-0.2940058059749051
-0.04297399544949555,-1.9079581358249766,-0.29390003316002233
-0.023324927369240613,-1.9123627013059803,-0.2937871584102629
-0.0036388162825574874,-1.9165508278450585,-0.2936649508877107
0.016078956080055613,-1.9205181836023026,-0.29353099478972355
0.035823736992035164,-1.9242620346365844,-0.29338279784815535
0.05559174928939274,-1.9277814453492477,-0.29321796092535646
0.07538012292425947,-1.9310773370771008,-0.293034395229276
0.09518680426326491,-1.9341523965439489,-0.2928305655717145
0.11501035341979528,-1.9370108488009583,-0.29260572847491706
0.1348496643556161,-1.9396581237153947,-0.29236012526086985
0.15470366530439958,-1.9421004491315657,-0.2920950865691494
0.17457106888517657,-1.9443444011537871,-0.2918130094923457
0.1944502360970437,-1.9463964385566377,-0.29151718290315287
0.2143391958085031,-1.948262448511553,-0.29121145893284406
0.23423582650277963,-1.9499473350380438,-0.29089979495898866
0.25413816851578463,-1.951454686392918,-0.2905857155627998
0.2740448022012894,-1.9527865580675283,-0.290271762404545
0.29395520816384924,-1.9539434006885688,-0.28995900761662385
0.31387002446771706,-1.9549241466559963,-0.2896467008525563
0.33379113304154356,-1.9557264488283241,-0.2893321018135513
0.35372153979623033,-1.9563470438670163,-0.2890105218306087
0.37366505334834976,-1.9567821968106958,-0.28867556511447323
0.39362580682323256,-1.9570281753451133,-0.2883195290811733
0.4136076971660535,-1.9570817030220622,-0.28793389997547214
0.4336138300874239,-1.9569403490599335,-0.28750986933022693
0.4536460536037906,-1.956602825520811,-0.28703880022532124
0.4737046412692433,-1.9560691773678363,-0.2865125882724511
0.4937881538641807,-1.9553408645807848,-0.28592388652610845
0.5138934738325855,-1.954420746840373,-0.285266190369003
0.534015978083201,-1.9533129901172286,-0.28453380199697564
0.5541497973488748,-1.9520229210966984,-0.2837217098218705
0.5742881060999194,-1.9505568596160776,-0.2828254235135583
0.5944233946908919,-1.948921960274186,-0.28184080073510454
0.6145476913418038,-1.9471260907975658,-0.28076388952211384
0.6346527210445443,-1.945177765943814,-0.2795907949507761
0.6547300069264137,-1.9430861426719008,-0.2783175648787044
0.6747709331756009,-1.940861067957202,-0.2769400809402245
0.6947667948281235,-1.9385131590894273,-0.2754539395952902
0.7147088577173433,-1.9360538912209562,-0.2738543135173219
0.7345884427924183,-1.9334956698637058,-0.2721357934971622
0.7543970357056119,-1.9308518755607207,-0.27029222158527544
0.7741264090723756,-1.9281368802722696,-0.26831653357481566
0.7937687351763809,-1.9253660455438906,-0.26620063048376275
0.8133166639831442,-1.9225557178756203,-0.2639352937366555
0.8327633459107392,-1.9197232359797534,-0.2615101487008775
0.8521023893875582,-1.916886959442042,-0.2589136690580638
0.8713277566499689,-1.9140663218017333,-0.25613320362317404
0.8904336138026109,-1.911281906239684,-0.25315500046549166
0.9094141598299814,-1.9085555405271784,-0.249964201935992
0.9282634623961221,-1.9059104094659642,-0.2465447882576286
0.9469753259162074,-1.903371186272371,-0.2428794552187652
0.9655432108235088,-1.9009641874329952,-0.2389494211314327
0.9839602141151916,-1.8987175572465913,-0.23473416749894604
1.002219112058305,-1.8966614882515886,-0.23021112514765085
1.02031245784733,-1.8948284824459567,-0.2253553218687181
1.038232720889961,-1.8932536563136246,-0.2201390083771495
1.0559724505599348,-1.8919750906689765,-0.2145312765341747
1.0735244455968511,-1.891034224355154,-0.20849767752955217
1.090881910544828,-1.8904762887963795,-0.20199983859922654
1.10803858233848,-1.8903507782547249,-0.19499506563331792
1.1249888130313068,-1.8907119485412633,-0.18743590667519006
1.1417275984350312,-1.891619335246013,-0.17926963886798641
1.158250546833128,-1.8931382816449174,-0.17043762983625577
1.1745537866508995,-1.8953404663896736,-0.16087451452379153
1.1906338166615122,-1.8983044214220823,-0.15050712050410286
1.2064873066314798,-1.9021160301355513,-0.13925306866272957
1.2221108600099075,-1.906868992773223,-0.12701897142701934
1.2375007533224873,-1.9126652378238669,-0.11369814658148591
1.2526526696465912,-1.9196152413803664,-0.09916776024596952
1.267561446557689,-1.9278381866940855,-0.08328530712364968
1.282220863145909,-1.9374618477636605,-0.06588432962499491
1.2966234971033153,-1.948622006164122,-0.04676927112573104
1.3107606924137907,-1.961461099595773,-0.025709355386235977
1.3246226916612698,-1.9761256417296331,-0.002431389208831458
1.338199005469265,-1.9927617330389837,0.02338859419631545
1.3514791178332755,-2.011507692728463,0.052134891357701774
1.364453668538422,-2.032482489377789,0.08426286175205355
1.3771163357143852,-2.055768277279286,0.12031076105749894
1.3894668175803953,-2.0813850771768516,0.1609126451016123
1.4015156888459464,-2.1092557204057822,0.20681268997118862
1.4132926370824523,-2.1391600129868,0.2588824063640591
1.4248607565492766,-2.1706791963038254,0.3181447535794235
1.4363408685513455,-2.2031355796623453,0.38581364901548465
1.4479499150743491,-2.235537438250823,0.46336353085151716
1.4600536753520013,-2.2665443807828463,0.5526491392996657
1.4732236295525039,-2.2944706187741337,0.6560956739875865
1.4882710878955678,-2.317340563709774,0.7769676548246622
1.5062134926211919,-2.33300458994322,0.9196927642677724
1.5281109147794254,-2.339321620157258,1.0901446012982674
1.5546907586358394,-2.334432069778769,1.2956369718777696
1.5856720163500508,-2.3171675488512906,1.5441559366837483
1.618798179785987,-2.2875466421259154,1.842307636460196
1.6488371059140716,-2.246789086173119,2.1922387293320362
1.6668783505803753,-2.195597018016094,2.5896380545590985
1.6609229579152403,-2.13062014364897,3.0260424810935733
1.622567227030577,-2.040832947490032,3.495010235590116
1.5596495598357314,-1.903878496021179,3.995112717283425
1.4947553915500669,-1.6922892303934467,4.526822003179208
1.4418172414642534,-1.4013205092705914,5.0790435603458794
1.401325384671774,-1.0688165709044055,5.622668690138881
1.3796043803292908,-0.7454437545733932,6.120644767832369
1.3903035518490992,-0.4644312533832765,6.541449901831628
1.432980860442664,-0.24735586945758703,6.8913758847168225
1.4933940201020648,-0.10015291879640398,7.202544173641025
1.5483887973833246,-0.008655155709783369,7.483421541024061
1.578528882681862,0.05108895553292092,7.735162583000104
1.5838496933528967,0.10244508482176906,7.970716655716851
1.5755613417109342,0.15636168953654483,8.190793641865646
1.5581340599608722,0.20901232985705487,8.39687826928106
1.5312787833826162,0.25328200361662456,8.591673922461455
1.494905437142506,0.2877092581137969,8.769985915045144
1.449717362047703,0.31219386910863434,8.925159880899267
1.3981343321114312,0.3285233425276948,9.054532597779577
1.3444578943603636,0.3413314453073314,9.158417419385412
1.2930079888123396,0.35292881526956066,9.239522667058036
1.2447377693207802,0.3632002187497888,9.298922136167711
1.1996509856058415,0.3718150226626983,9.337165872073268
1.1575142318913645,0.37956945540117226,9.356042686230698
1.1184763889604152,0.38759503828954944,9.357385346231343
1.0822496297040853,0.39620895158146396,9.342645205639784
1.048359688347951,0.40524770888026174,9.312775805317141
1.016229497680384,0.4145196935254307,9.26865306942874
0.9852490531881385,0.4240987547668005,9.211350088587942
0.9548038147790322,0.4342024122502054,9.141795641982032
0.9244120305670441,0.4449823650525403,9.060461065949813
0.893453320622977,0.45631556693721576,8.967172021207826
0.8613427742788963,0.4679267995409855,8.861308067481197
0.8275992378279087,0.47945859854113215,8.742070853000289
0.7919883656291191,0.4905498472670524,8.608770481466802
0.7545158273339658,0.5009108011641233,8.460996572651187
0.7154264972503025,0.5103603161907984,8.298725679684516
0.6751436889599156,0.5188329599046797,8.122331804455314
0.6341786993258794,0.5263826817427768,7.932617648262877
0.5930287271982564,0.5331461852331185,7.7307679335197115
0.5521029271623652,0.5392948563450749,7.518226175058405
0.5116711899377512,0.5449685179071204,7.296416986816791
0.4718769753065033,0.5502339909294587,7.066428891072478
0.43280039910742507,0.5550714792762479,6.828902179474748
0.39451826160972553,0.5594203395921343,6.584383462681123
0.35705134269095684,0.5632921684563874,6.333826292038207
0.32032079191262763,0.5668073944887166,6.078583814761411
0.2843304803599556,0.5700610230808808,5.819955434539206
0.24933757558260627,0.5730069747209426,5.559122308015601
0.2155527229217386,0.5755823401077811,5.2975237029487126
0.18282476465624914,0.5778811430203644,5.03684407297067
0.15094007565627654,0.5800767694901434,4.77866657110083
0.11984824848886266,0.582101899757238,4.524397909759777
0.08965219022640042,0.5836519870755625,4.2755918325855236
0.060605012977259565,0.5846259678271737,4.034547212232053
0.03261065827486509,0.5849680294410018,3.8028895833711216
0.005469897340958263,0.5848632385086563,3.5799106610844573
-0.020463065955334314,0.5847400492395953,3.364976885761652
-0.045498069140790076,0.5844073494862583,3.158165048065184
-0.07055009027003373,0.5836512771664081,2.9585916028592036
-0.09530572643289792,0.5827389891757355,2.766540646558324
-0.11908961741981444,0.5816809301292136,2.5831880942567658
-0.14258589164616675,0.5801098708227523,2.4075973104058748
-0.166391222475987,0.5777052539339831,2.23839020525209
-0.1900669251263642,0.5742631672150948,2.0754815594155547
-0.21331442788583768,0.5695932253600793,1.9189274342618052
-0.23597205825399636,0.5638567282501824,1.7691569855536773
-0.25812574059282944,0.5579522400379215,1.6259158309125659
-0.27959350788068,0.5520084935731351,1.489073546283218
-0.29968528364096436,0.545176464491059,1.3593043542202508
-0.31836015325833644,0.5370970389024667,1.236579728785941
-0.33551243265028075,0.5282021404537655,1.1201411234836958
-0.3510518606772089,0.5190036453177223,1.0093466648724991
-0.36500543434859234,0.5103324154367814,0.9054141194087264
-0.37768703306911305,0.5024201048997905,0.8092434213615398
-0.3894916342439536,0.4943807670084459,0.7207168274102171
-0.4001891145653469,0.48622376511400306,0.6401362023108494
-0.409266508745485,0.4792851458395038,0.5679625664044008
-0.41770870131938653,0.473294129176544,0.5031311858626644
-0.42708996495594087,0.46703277753471,0.4432692485764287
-0.43769636852014515,0.4608657361304415,0.387594726889251
-0.4487753397919958,0.4554348421889598,0.336468514794789
-0.4595074244645944,0.4504094633052958,0.28918606172397054
-0.46955164707375585,0.44517305729576234,0.24509909324814494
-0.47908985097462253,0.43969525591817377,0.20445589489555194
-0.4881138022267463,0.43461107466689175,0.16749514368838825
-0.49629552868461074,0.430338299182409,0.1337526789271859
-0.5034547093258255,0.42655765532451945,0.10233242156611677
-0.5097192875901515,0.42262745964578075,0.07263911137527312
-0.5155055415516785,0.4182634694709468,0.044702775664607675
-0.5211448574907168,0.41367930111832296,0.01887723236207628
-0.5265698029228738,0.40931518108840825,-0.004723520645461221
-0.5315280827463159,0.40540040029020646,-0.026456213446134136
-0.5358975950094624,0.4017715970199055,-0.046811455971036864
-0.539741528052279,0.39805537010873626,-0.06604371892176908
-0.5432026500388799,0.3939308456515206,-0.0841225606462559
-0.546452971184418,0.389271694342619,-0.10094481043678205
-0.5495852998146273,0.384205056356709,-0.11646527299615661
-0.5525663451116674,0.37901912565152374,-0.13074651558126593
-0.5553275797264405,0.3739250094685188,-0.14392734386162953
-0.5578029982645043,0.36893735141560013,-0.15612243256164793
-0.5599858869679566,0.36392349238704347,-0.16739356612510647
-0.5619632036386045,0.3587256464050164,-0.1777886899293557
-0.5638500458738314,0.3532924563138739,-0.18734471848361012
-0.5657158888455084,0.3477080875038145,-0.19610471180496902
-0.5675646135098749,0.3420967798279797,-0.20413853691353223
-0.5693647676338629,0.3365225129699595,-0.21152479531804902
-0.5710872943095294,0.3309626688223888,-0.2183328726820044
-0.5727299409238674,0.32535110179662063,-0.22461772665647217
-0.5743078973857707,0.3196454928630376,-0.23041653809615004
-0.5758326913305819,0.3138590322015712,-0.23575687501249698
-0.5773059410142992,0.30804051473588207,-0.24066789345759032
-0.5787196249353619,0.30223217369733124,-0.24518178636416188
-0.5800651560375145,0.2964411487011621,-0.24933355136186863
-0.581340160946164,0.29064412148801644,-0.25315873205102046
-0.5825475200559718,0.284814486995575,-0.25668669095985575
-0.583692462039821,0.27894504636673284,-0.2599395383573866
-0.5847782737362284,0.2730489486854056,-0.26293420294068315
-0.5858031703287625,0.2671451354363558,-0.2656862077987574
-0.5867623408077369,0.2612433849619725,-0.26821362145226035
-0.5876524646704936,0.25534009195952984,-0.2705368954180427
-0.5884732851753625,0.24942537216561794,-0.27267522963317825
-0.589227209986491,0.24349223107120316,-0.27464460438411287
-0.5899173845312042,0.23754033109200567,-0.276457943354691
-0.5905453338803364,0.23157416747376186,-0.27812592523524327
-0.5911103452088583,0.22559866420752483,-0.2796585939999128
-0.5916108201588699,0.21961567271557914,-0.28106626453031325
-0.5920457647479519,0.21362356176124297,-0.2823593558452311
-0.5924153278526467,0.20761947266838138,-0.28354772563540176
-0.5927204958016692,0.20160178450349375,-0.2846400402153073
-0.5929621778144534,0.19557101513565034,-0.285643610332031
-0.5931407090429828,0.1895289102654844,-0.2865648467190245
-0.5932559229649118,0.1834769396140717,-0.28740986696033
-0.5933075259738576,0.17741557198236735,-0.28818463110531156
-0.5932954770227836,0.1713445687100162,-0.2888947549150287
-0.5932200547734625,0.16526368659779583,-0.2895452675142123
-0.5930817057391149,0.15917312791826638,-0.2901406147222563
-0.5928808287012866,0.1530735214569901,-0.29068486595780696
-0.5926176696666265,0.14696566774328768,-0.29118183946905263
-0.5922923208180387,0.1408503521771673,-0.29163508743110733
-0.591904817517583,0.1347282785290866,-0.2920478591464888
-0.5914552783184783,0.1286000626418437,-0.2924231234824679
-0.5909439392104898,0.12246629589791458,-0.29276360248042654
-0.5903711047394347,0.11632763023284615,-0.2930718076694261
-0.5897370885897588,0.11018481488285825,-0.2933500688018631
-0.5890421779380974,0.10403867350745116,-0.29360054466679797
-0.5882866336100341,0.09789006151927065,-0.29382523779395786
-0.587470721900204,0.09173982983992113,-0.294026007358293
-0.586594745027982,0.08558881442232608,-0.2942045752676885
-0.5856590431137623,0.0794378472777823,-0.2943625409399915
-0.5846639870577389,0.07328776474158394,-0.29450140976402084
-0.5836099684995313,0.06713941217087999,-0.2946226121125115
-0.5824973896896419,0.06099364731507945,-0.29472750184382224
-0.5813266597877672,0.054851338001118966,-0.2948173513286514
-0.5800981973365602,0.04871334918805237,-0.2948933560582385
-0.578812436465042,0.04258052486548852,-0.2949566518832212
-0.5774698290742333,0.03645367863935589,-0.2950083314752783
-0.5760708407426277,0.030333596985326283,-0.29504944891517115
-0.5746159426177486,0.02422104744264697,-0.29508101678105203
-0.5731056050648682,0.018116780127757137,-0.29510400394509784
-0.571540293909797,0.012021521542483149,-0.2951193379799697
-0.5699204687134597,0.005935965672413557,-0.29512791012626916
-0.5682465827637735,-0.00013923308198460216,-0.29513057957757294
-0.5665190809925005,-0.006203462001124704,-0.29512817427629967
-0.5647383958404176,-0.012256148931703958,-0.29512148950999895
-0.562904943028387,-0.01829676113089629,-0.2951112862823413
-0.5610191178791097,-0.024324805262655902,-0.2950982890900411
-0.5590812918181438,-0.030339827900546346,-0.2950831841317234
-0.5570918099097331,-0.036341416233819535,-0.2950666184402768
-0.5550509895053802,-0.04232919828451076,-0.2950491989662496
-0.5529591187112569,-0.048302841549632436,-0.2950314906816456
-0.550816454733472,-0.054262050388522276,-0.2950140141367483
-0.5486232225152055,-0.0602065628980738,-0.2949972431570711
-0.5463796137688633,-0.06613614762719328,-0.2949816029330514
-0.5440857864545998,-0.07205060001866442,-0.2949674686780346
-0.5417418648978066,-0.07794973851223974,-0.29495516452624293
-0.539347940428216,-0.0838334003289094,-0.2949449625783198
-0.5369040722959951,-0.08970143694957905,-0.29493708232065696
-0.5344102888570182,-0.09555370936342078,-0.2949316905818067
-0.5318665890829322,-0.10139008313253361,-0.2949289020313022
-0.529272944379994,-0.10721042334359687,-0.2949287800877738
-0.5266293006327326,-0.11301458952898064,-0.2949313382232688
-0.5239355805049603,-0.11880243078411368,-0.2949365417391283
-0.5211916860083823,-0.12457378124800839,-0.29494431010211053
-0.5183975012538423,-0.13032845590644387,-0.2949545197655783
-0.5155528952630013,-0.13606624665571204,-0.2949670073682915
-0.5126577248342465,-0.14178691866981996,-0.2949815732777188
-0.5097118374562336,-0.1474902071594914,-0.2949979853980935
-0.5067150742049438,-0.1531758145932664,-0.29501598320206823
-0.5036672726388974,-0.1588434084725001,-0.2950352819894355
-0.5005682696941951,-0.16449261968752393,-0.2950555773409278
-0.49741790452823953,-0.1701230414031895,-0.2950765496723098
-0.49421602125536207,-0.17573422843090714,-0.2950978688117465
-0.49096247158397166,-0.1813256970879189,-0.2951191985528683
-0.48765711734765016,-0.1868969255483307,-0.29514020112362527
-0.48429983289785533,-0.1924473546735172,-0.295160541539635
-0.48089050736857925,-0.19797638930634642,-0.29517989182278725
-0.47742904680891673,-0.2034833999896296,-0.29519793504427794
-0.4739153761608048,-0.20896772505151534,-0.29521436913970134
-0.47034944106107873,-0.2144286730080388,-0.29522891046321664
-0.46673120947153907,-0.21986552525015135,-0.29524129706314217
-0.4630606731321799,-0.2252775389785896,-0.2952512916577741
-0.4593378488243835,-0.23066395033925285,-0.2952586842948568
-0.4555627794443362,-0.23602397771362288,-0.2952632946804794
-0.4517355348807575,-0.24135682511839512,-0.29526497416175523
-0.44785621268929043,-0.24666168566717017,-0.29526360734783097
-0.4439249385565577,-0.25193774504932237,-0.29525911336030175
-0.4399418665565145,-0.25718418498759277,-0.2952514467086529
-0.4359071792008007,-0.26240018663401443,-0.295240597784584
-0.4318210872824373,-0.26758493386246907,-0.29522659296942355
-0.42768382951813233,-0.27273761642132044,-0.2952094943521266
-0.4234956719962902,-0.27785743291279175,-0.2951893990585168
-0.4192569074396545,-0.2829435935662839,-0.2951664381928021
-0.4149678542918872,-0.287995322774386,-0.29514077539534656
-0.41062885564328444,-0.293011861364855,-0.2951126050245223
-0.4062402780122839,-0.2979924685838273,-0.295082149972121
-0.40180250999944855,-0.3029364237686591,-0.2950496591244709
-0.3973159608342542,-0.3078430276939655,-0.29501540448651853
-0.39278105883742753,-0.3127116035785539,-0.2949796779906959
-0.38819824982240675,-0.3175414977441201,-0.2949427880147941
-0.38356799545954445,-0.32233207992065804,-0.29490505563734404
-0.37889077162951806,-0.3270827431993716,-0.2948668106640988
-0.3741670667924043,-0.33179290363872393,-0.29482838746288764
-0.36939738039829006,-0.33646199953459643,-0.2947901206482064
-0.3645822213658667,-0.34108949037104214,-0.294752340661504
-0.3597221066548334,-0.3456748554733148,-0.29471536929690156
-0.35481755995633596,-0.35021759238950306,-0.29467951522453895
-0.3498691105235318,-0.35471721503187625,-0.29464506956688274
-0.34487729216293583,-0.35917325161405056,-0.29461230158596163
-0.339842642404124,-0.36358524242406787,-0.294581454541033
-0.33476570186189447,-0.3679527374769544,-0.29455274177706037
-0.3296470138013601,-0.37227529409307636,-0.2945263431048226
-0.3244871239121313,-0.3765524744507588,-0.29450240153266716
-0.3192865802927374,-0.3807838431625538,-0.2944810204081847
-0.31404593364116395,-0.38496896492492366,-0.29446226102566775
-0.30876573764204784,-0.3891074022904462,-0.29444614075178
-0.30344654953515543,-0.39319871360987346,-0.294432631717336
-0.2980889308438439,-0.3972424511885747,-0.2944216601175087
-0.292693448236284,-0.4012381596981365,-0.2944131061562294
-0.2872606744865428,-0.40518537487915546,-0.2944068046630124
-0.2817911894972014,-0.4090836225655795,-0.2944025464018287
-0.2762855813403623,-0.4129324180544799,-0.29440008008220997
-0.2707444472698961,-0.41673126583791564,-0.294399115072427
-0.2651683946547291,-0.4204796597057513,-0.29439932480343756
-0.25955804178107145,-0.42417708322003617,-0.29440035084052263
-0.2539140184710492,-0.4278230105530453,-0.29440180758712997
-0.24823696646637822,-0.4314169076724727,-0.2944032875728184
-0.24252753952859768,-0.4349582338488016,-0.294404367264266
-0.2367864032121328,-0.43844644345175726,-0.294404613325457
-0.23101423427314405,-0.44188098799509234,-0.2944035892407155
-0.22521171968572856,-0.4452613183822269,-0.29440086220234374
-0.21937955524739694,-0.4485868872994057,-0.29439601015360517
-0.21351844376775508,-0.451857151698422,-0.2943886288682347
-0.20762909284777106,-0.45507157530774645,-0.2943783389396202
-0.20171221227128766,-0.45822963110916737,-0.29436479254679626
-0.19576851104541304,-0.4613308037170104,-0.2943476798609148
-0.1897986941412909,-0.4643745915987519,-0.29432673495505424
-0.18380345900117961,-0.4673605090792804,-0.2943017410825526
-0.1777834918908519,-0.47028808807633643,-0.2942725351947604
-0.1717394641877622,-0.47315687952153895,-0.29423901157836463
-0.16567202870432196,-0.4759664544298735,-0.2942011245053191
-0.15958181615162775,-0.47871640459025006,-0.2941588898050427
-0.15346943185162037,-0.4814063428605577,-0.29411238528853945
-0.14733545280449467,-0.48403590306221106,-0.2940617499774958
-0.14118042521329388,-0.4866047394810849,-0.29400718211746923
-0.13500486255865152,-0.4891125259936585,-0.2939489359825902
-0.12880924430425583,-0.4915589548486575,-0.29388731750912167
-0.1225940152977193,-0.4939437351451112,-0.2938226788256306
-0.11635958591292361,-0.4962665910571535,-0.2937554117777721
-0.11010633295933353,-0.498527259863644,-0.2936859405746275
-0.10383460136166946,-0.5007254898465298,-0.29361471370998604
-0.09754470659104278,-0.5028610381256464,-0.2935421953352686
-0.09123693780664255,-0.5049336684988683,-0.29346885627943364
-0.08491156164647462,-0.5069431493555634,-0.2933951649248856
-0.07856882658712586,-0.5088892517277566,-0.2933215781559786
-0.07220896777682058,-0.5107717475376428,-0.2932485325978673
-0.06583221223367892,-0.5125904080921984,-0.2931764363579439
-0.05943878429237301,-0.5143450028659231,-0.2931056614696963
-0.05302891117767525,-0.5160352986015635,-0.29303653722012646
-0.04660282858245891,-0.5176610587464558,-0.29296934451689904
-0.04016078613063327,-0.5192220432292713,-0.29290431142154016
-0.033703052611772526,-0.5207180085691125,-0.2928416099406519
-0.027229920883457166,-0.5221487082962615,-0.29278135412999484
-0.020741712349085867,-0.5235138936523308,-0.29272359952731763
-0.014238780932438745,-0.5248133145271787,-0.29266834389075846
-0.007721516485109199,-0.5260467205813358,-0.2926155291816879
-0.0011903475783143457,-0.5272138624961515,-0.2925650446955308
0.0053542563538605745,-0.5283144932895704,-0.2925167312127144
0.011911783537620256,-0.5293483696337533,-0.29247038601545583
0.018481679052545236,-0.5303152531114915,-0.2924257685956828
0.025063344684932678,-0.531214911351687,-0.29238260686549866
0.0316561394198297,-0.5320471189899028,-0.29234060367477666
0.03825938053977158,-0.5328116584078153,-0.29229944344061676
0.04487234528935067,-0.5335083202151654,-0.2922587987004792
0.05149427305718734,-0.534136903448911,-0.2922183364141677
0.058124368020964816,-0.5346972154764762,-0.29217772385885477
0.06476180219637853,-0.5351890716025463,-0.2921366339848499
0.07140571882742242,-0.5356122943914938,-0.2920947501269786
0.07805523605302815,-0.5359667127294607,-0.2920517699956535
0.08470945078377576,-0.5362521606610715,-0.2920074089019562
0.09136744272202604,-0.5364684760451164,-0.2919614022009338
0.09802827845935147,-0.5366154990811215,-0.29191350696563356
0.10469101558664601,-0.5366930707639426,-0.2918635029299872
0.11135470675458518,-0.5367010313266324,-0.29181119276095546
0.1180184036253091,-0.5366392187322477,-0.2917564017381473
0.1246811606602218,-0.5365074672735402,-0.2916989769325109
0.13134203869368244,-0.5363056063353756,-0.2916387859840892
0.13800010824791156,-0.5360334593687144,-0.2915757155824239
0.14465445255076942,-0.5356908431173427,-0.2915096697523014
0.15130417022484385,-0.5352775671295844,-0.29144056804241414
0.15794837762356106,-0.534793433577562,-0.2913683437059613
0.16458621079747252,-0.5342382373963891,-0.29129294195089517
0.1712168270814912,-0.5336117667456347,-0.2912143183240714
0.17783940630109524,-0.5329138037857823,-0.2911324372790587
0.18445315160266043,-0.5321441257535504,-0.29104727096232175
0.191057289919517,-0.5313025063121657,-0.29095879823773685
0.19765107209110183,-0.5303887171461905,-0.2908670039556347
0.20423377265753154,-0.5294025297654681,-0.29077187846011565
0.21080468935596436,-0.5283437174790646,-0.2906734173178691
0.2173631423480439,-0.5272120574980121,-0.29057162124316993
0.22390847320985127,-0.5260073331248706,-0.2904664961875707
0.23044004371673027,-0.5247293359886449,-0.2903580535587076
0.23695723445556474,-0.5233778682852334,-0.2902463105309281
0.2434594432963439,-0.5219527449861108,-0.29013129041055374
0.2499460837535113,-0.5204537959812863,-0.29001302302068677
0.2564165832656298,-0.5188808681263345,-0.2898915450738726
0.2628703814195161,-0.5172338271674721,-0.2897669005056873
0.2693069281423444,-0.5155125595229761,-0.28963914074777475
0.275725681882379,-0.5137169739034376,-0.28950832492492795
0.2821261077961326,-0.5118470027575339,-0.28937451996692065
0.2885076759569516,-0.5099026035338177,-0.28923780063189963
0.2948698595973871,-0.5078837597524077,-0.2890982494435881
0.3012121333953082,-0.5057904818835754,-0.288955956549503
0.3075339718116009,-0.5036228080326709,-0.28881101951129917
0.31383484748548474,-0.5013808044328184,-0.28866354304118014
0.32011422969212094,-0.4990645657484194,-0.2885136387000975
0.3263715828660454,-0.49667421519339044,-0.28836142457394254
0.33260636519336445,-0.49420990446878676,-0.28820702494324535
0.3388180272752552,-0.4916718135246344,-0.2880505699601865
0.3450060108653758,-0.4890601501507492,-0.28789219534398036
0.3511697476840581,-0.4863751494010714,-0.28773204210223446
0.3573086583127744,-0.4836170728556742,-0.2875702562818656
0.363422151173127,-0.4807862077241769,-0.28740698874877446
0.36950962159552403,-0.4778828657940164,-0.2872423949911831
0.37557045098383257,-0.4749073822267745,-0.2870766349373075
0.3816040060832624,-0.4718601142058483,-0.2869098727743018
0.3876096383598925,-0.4687414394389817,-0.2867422767523893
0.393586683501137,-0.465551754519846,-0.2865740189557302
0.3995344610473501,-0.4622914731537565,-0.28640527502030433
0.40545227416532814,-0.45896102425388147,-0.2862362237787053
0.41133940957490595,-0.45556084991598805,-0.2860670468123516
0.41719513763994165,-0.4520914032815542,-0.2858979278932887
0.4230187126347693,-0.44855314630137333,-0.28572905230013657
0.4288093731966639,-0.4449465474140729,-0.28556060599604915
0.43456634297394,-0.441272079156529,-0.28539277466019963
0.440288831478092,-0.4375302157257298,-0.28522574256860134
0.4459760351466963,-0.4337214305142444,-0.2850596913244612
0.45162713862185283,-0.4298461936439221,-0.28489479844265975
0.4572413162465939,-0.42590496952481993,-0.28473123579741744
0.46281773377901636,-0.4218982144684448,-0.2845691679462097
0.46835555032094145,-0.41782637438613296,-0.28440875034683955
0.4738539204546432,-0.4136898826048984,-0.2842501274878586
0.47931199657769297,-0.40948915783393386,-0.2840934309554728
0.48472893142226325,-0.405224602315489,-0.28393877746239427
0.49010388074135725,-0.400896600193778,-0.28378626686617636
0.49543600614043937,-0.3965055161348929,-0.28363598020601777
0.5007244780288799,-0.392051694229492,-0.28348797778826196
0.5059684786615635,-0.38753545720813026,-0.2833422973516886
0.5111672052370171,-0.38295710599660643,-0.2831989523443368
0.5163198730145557,-0.37831691963557534,-0.2830579303440257
0.5214257184092801,-0.3736151555848644,-0.2829191916549665
0.5264840020204875,-0.3688520504286033,-0.28278266811303343
0.5314940115460922,-0.36402782099226666,-0.2826482621321098
0.5364550645332744,-0.35914266587726,-0.28251584602374846
0.5413665109137846,-0.3541967674126905,-0.28238526162181476
0.5462277352712605,-0.34919029401748924,-0.2822563202430499
0.5510381587876605,-0.34412340295933597,-0.2821288030132292
0.5557972408166323,-0.33899624348980584,-0.28200246158700115
0.5605044800332911,-0.3338089603278433,-0.281877019287206
0.5651594151127157,-0.3285616974565758,-0.2817521726866592
0.5697616248934065,-0.3232546021911615,-0.2816275936516994
0.5743107279871604,-0.31788782946841215,-0.28150293186242226
0.578806381803181,-0.31246154630234263,-0.2813778178191493
0.5832482809619814,-0.3069759363435288,-0.28125186633847576
0.587636155083489,-0.3014312044747035,-0.28112468053489703
0.5919697659438117,-0.2958275813701792,-0.28099585627592516
0.5962489040063277,-0.2901653279428608,-0.280864987089225
0.6004733843448549,-0.28444473959976757,-0.28073166949024797
0.6046430419895696,-0.2786661502253233,-0.2805955086876395
0.6087577267399129,-0.27282993581128256,-0.2804561246118531
0.6128172975026405,-0.26693651765315507,-0.2803131581998026
0.6168216162271498,-0.2609863650354239,-0.2801662778552825
0.6207705415240583,-0.2549799973318297,-0.28001518599155717
0.6246639220662271,-0.24891798545251653,-0.27985962554926047
0.6285015898837134,-0.24280095257699374,-0.2796993863698749
0.632283353675074,-0.23662957412064706,-0.27953431129313966
0.6360089922666486,-0.23040457689285604,-0.2793643018362455
0.6396782483584516,-0.22412673741678713,-0.2791893233042675
0.6432908226997086,-0.21779687939433978,-0.27900940917559325
0.6468463688385538,-0.2114158703146381,-0.2788246646039456
0.6503444885886001,-0.20498461722060818,-0.2786352688806111
0.6537847283495917,-0.1985040616654346,-0.2784414767075123
0.6571665764103105,-0.19197517390884922,-0.27824361814422627
0.6604894613487474,-0.1853989464217633,-0.2780420971107789
0.6637527516276855,-0.17877638678676477,-0.2778373883530787
0.6669557564631605,-0.1721085101003773,-0.27763003280932175
0.6700977280190188,-0.16539633100091655,-0.2774206313535419
0.6731778649534866,-0.15864085546200068,-0.2772098369357663
0.6761953173135273,-0.15184307250623907,-0.2769983451862976
0.6791491927407898,-0.14500394600514066,-0.2767868836027825
0.6820385639193336,-0.13812440673954018,-0.2765761994914351
0.6848624771614414,-0.13120534489899083,-0.27636704688573177
0.687619961994175,-0.12424760319804179,-0.27616017271475
0.6903100415771279,-0.11725197078176602,-0.27595630253673487
0.6929317437520033,-0.11021917808185844,-0.2757561261887138
0.6954841124982665,-0.10314989276811437,-0.27556028372777264
0.6979662195474141,-0.09604471691827532,-0.2753693520520797
0.7003771758919985,-0.08890418550233825,-0.27518383258804446
0.702716142915936,-0.0817287662464129,-0.2750041404136443
0.7049823428700862,-0.07451886090670762,-0.27483059515640806
0.7071750684226323,-0.06727480794764651,-0.2746634139587809
0.7092936910275742,-0.05999688658060287,-0.2745027067448882
0.711337667876976,-0.05268532208280596,-0.27434847395353246
0.7133065472331233,-0.04534029228106623,-0.2742006068251721
0.7151999719749871,-0.037961935053492935,-0.2740588902495571
0.7170176812384007,-0.030550356675573154,-0.2739230080986921
0.7187595100798707,-0.02310564081591393,-0.2737925508911676
0.7204253871483515,-0.015627857972409676,-0.27366702556172884
0.722015330405734,-0.008117075131991836,-0.27354586704772466
0.7235294409932509,-0.0005733654365537855,-0.2734284513539518
0.7249678953951235,0.007003182355971305,-0.27331410972158876
0.7263309361007194,0.014612454813914988,-0.2732021435059395
0.7276188610099313,0.02225430535775763,-0.27309183936205006
0.7288320118618945,0.029928546527357602,-0.27298248434597605
0.7299707619929129,0.03763494312205545,-0.2728733805615431
0.7310355037446967,0.04537320631698066,-0.27276385901552547
0.7320266358480982,0.053142988829596116,-0.2726532923864178
0.7329445511005661,0.060943881181154624,-0.2725411064606096
0.7337896246379085,0.06877540906955687,-0.2724267900423727
0.7345622030738306,0.0766370318436061,-0.2723099031981686
0.7352625947453806,0.08452814204472653,-0.27219008374928544
0.7358910612606262,0.0924480659611609,-0.27206705197776127
0.7364478104987935,0.10039606512182198,-0.2719406135574425
0.7369329911645175,0.10837133864260745,-0.2718106607638717
0.7373466889489956,0.11637302632689445,-0.2716771720525639
0.7376889243037266,0.12440021241424343,-0.27154021012498375
0.7379596517886133,0.13245192986679905,-0.27139991862476354
0.7381587609171592,0.14052716508126806,-0.2712565176239219
0.7382860783881686,0.1486248629154489,-0.2711102980700195
0.7383413715664314,0.15674393192181657,-0.2709616153711436
0.7383243530547609,0.16488324968621065,-0.27081088229664285
0.7382346861860937,0.17304166817709404,-0.2706585613686019
0.7380719912570748,0.18121801901952272,-0.27050515691235333
0.7378358523227437,0.18941111861784832,-0.2703512069251883
0.7375258243751541,0.19761977306158163,-0.2701972749107633
0.7371414407358066,0.20584278275974038,-0.2700439418137943
0.7366822205020259,0.21407894675974315,-0.26989179817554554
0.7361476759000812,0.22232706671747898,-0.26974143661606087
0.7355373194119962,0.23058595049510783,-0.2695934447344275
0.7348506705582663,0.2388544153722854,-0.2694483985039069
0.7340872622345266,0.24713129086488683,-0.26930685622464345
0.7332466465162313,0.25541542115236193,-0.26916935308322976
0.732328399861465,0.2637056671213051,-0.2690363963555624
0.7313321276578404,0.2720009080378087,-0.2689084612773289
0.7302574680751046,0.28030004286551546,-0.26878598759503847
0.7291040952002137,0.2886019912495756,-0.2686693767999204
0.7278717214465009,0.2969056941892603,-0.268558990037004
0.7265600992426733,0.3052101144238259,-0.2684551466726104
0.7251690220208712,0.31351423655749117,-0.26835812349507404
0.7236983245354773,0.32181706695009266,-0.2682681545160721
0.7221478825558278,0.330117633400313,-0.2681854313333485
0.7205176119859522,0.33841498464818487,-0.26811010401019364
0.7188074674729965,0.3467081897232189,-0.2680422824225621
0.7170174405728038,0.35499633716363177,-0.2679820380215472
0.7151475575460329,0.3632785341311702,-0.2679294059567985
0.7131978768613245,0.3715539054446445,-0.26788438750556165
0.7111684864831194,0.37982159255383074,-0.26784695275216275
0.7090595010211462,0.3880807524736474,-0.2678170434638043
0.7068710588161653,0.39633055669675193,-0.26779457611048185
0.7046033190326988,0.4045701901007335,-0.2677794449792965
0.7022564588242157,0.41279884986421417,-0.267771525336443
0.6998306706299535,0.42101574440424416,-0.2677706765934156
0.6973261596553764,0.42922009234556063,-0.26777674543730323
0.6947431415804792,0.43741112153055955,-0.2677895688884808
0.692081840531982,0.4455880680772523,-0.2678089772522356
0.6893424873470783,0.4537501754910625,-0.2678347969340926
0.6865253181480224,0.46189669383508314,-0.26786685309151803
0.6836305732385471,0.47002687896227713,-0.2679049720975988
0.68065849632519,0.47813999181224587,-0.2679489837950546
0.677609334058964,0.48623529777434155,-0.2679987235216097
0.6744833358856556,0.4943120661182613,-0.2680540338905615
0.6712807541865788,0.502369569492668,-0.26811476631306164
0.6680018446856033,0.5104070834918878,-0.2681807822516402
0.6646468670930769,0.5184238862902548,-0.26825195419744285
0.6612160859528944,0.5264192583432402,-0.26832816636681045
0.6577097716552325,0.5343924821540985,-0.2684093151162139
0.6541282015747625,0.5423428421042608,-0.2684953090778024
0.6504716612922363,0.5502696243452947,-0.26858606902142457
0.6467404458563359,0.5581721167497233,-0.26868152745232576
0.6429348610425477,0.5660496089174964,-0.2687816279572073
0.639055224566683,0.573901392234337,-0.26888632431460424
0.6351018672121489,0.5817267599776696,-0.2689955793886658
0.6310751338325755,0.5895250074651999,-0.2691093638283395
0.6269753841945427,0.5972954322407118,-0.2692276545965213
0.6228029936288766,0.6050373342910788,-0.2693504333560428
0.6185583534634456,0.6127500162879764,-0.2694776847412119
0.6142418712151332,0.6204327838473379,-0.26960939454511657
0.6098539705239157,0.6280849457991926,-0.26974554785391924
0.6053950908174149,0.6357058144602399,-0.26988612715993443
0.6008656866998989,0.6432947059012536,-0.2700311104854225
0.5962662270653324,0.6508509402013052,-0.27018046954871355
0.5915971939396738,0.658373841680722,-0.270334168003437
0.5868590810629659,0.6658627391047806,-0.2704921597805554
0.5820523922269107,0.6733169658502092,-0.2706543875612586
0.5771776393884329,0.6807358600268867,-0.2708207814068999
0.5722353405839579,0.688118764547258,-0.27099125756993314
0.5672260176731232,0.6954650271364767,-0.27116571750732743
0.5621501939438416,0.7027740002765624,-0.27134404711522153
0.5570083916135022,0.7100450410783508,-0.2715261162006859
0.5518011292631623,0.7172775110754647,-0.27171177820345416
0.5465289192433351,0.7244707759350318,-0.2719008701772787
0.541192265090885,0.7316242050804567,-0.2720932130373843
0.5357916589971945,0.7387371712220906,-0.2722886120771717
0.5303275793677276,0.7458090497923628,-0.27248685775398673
0.5248004885127326,0.7528392182825844,-0.2726877267404473
0.5192108305079944,0.7598270554795098,-0.2728909832344184
0.5135590292634543,0.7667719406006588,-0.27309638051735385
0.5078454868359561,0.7736732523284188,-0.2733036627473717
0.5020705820208045,0.780530367744239,-0.27351256697006465
0.4962346692547694,0.78734266116559,-0.27372282532666903
0.49033807786111877,0.7941095028899524,-0.273934167435933
0.48438111166492615,0.8008302578519629,-0.2741463229227441
0.4783640490044004,0.8075042842018231,-0.27435902406335755
0.4722871431612494,0.8141309318153686,-0.27457200851395114
0.4661506232301623,0.8207095407486364,-0.2747850220863268
0.45995469544419293,0.8272394396524142,-0.27499782153171326
0.4536995449692481,0.8337199441650448,-0.2752101772912221
0.44738533817680975,0.8401503553047004,-0.27542187616925196
0.4410122253994304,0.846529957885212,-0.2756327238844709
0.43458034416840674,0.8528580189824946,-0.2758425474517654
0.4280898229271247,0.8591337864813686,-0.27605119734801
0.42154078520698046,0.8653564877351225,-0.27625854941473804
0.41493335424525146,0.8715253283723385,-0.2764645064519138
0.40826765801604536,0.8776394912872518,-0.27666899945910917
0.4015438346361371,0.8836981358509852,-0.27687198848373407
0.3947620380975182,0.8897003973813085,-0.27707346304043057
0.38792244426755806,0.8956453869080792,-0.27727344207158633
0.3810252570862088,0.9015321912697951,-0.2774719734261928
0.37407071487772486,0.907359873574063,-0.2776691328427894
0.36705909668221504,0.9131274740505505,-0.2778650224322514
0.3599907285003851,0.9188340113197573,-0.27805976866732296
0.3528659893333734,0.9244784840939854,-0.27825351989804337
0.34568531688932214,0.9300598733188109,-0.27844644342533265
0.3384492128195494,0.9355771447537499,-0.2786387221784945
0.33115824734083465,0.9410292519801563,-0.27883055105616705
0.32381306309671837,0.9464151398126421,-0.27902213300343504
0.31641437811092626,0.9517337480778899,-0.2792136749101777
0.30896298769020863,0.9569840157119817,-0.2794053834265424
0.3014597651432237,0.9621648851147191,-0.2795974607999947
0.2939056611964898,0.9672753066873245,-0.2797901008442847
0.2863017020087587,0.9723142434691104,-0.2799834851530518
0.2786489857111583,0.9772806757796642,-0.280177779669359
0.2709486774323055,0.9821736057664509,-0.2803731317166771
0.2632020028046843,0.986992061754181,-0.2805696675865694
0.25541023999037094,0.9917351022922234,-0.28076749076341545
0.2475747103095017,0.9964018198002712,-0.28096668084737986
0.23969676760236522,1.0009913437206117,-0.2811672932136282
0.2317777865039204,1.0055028430977437,-0.2813693594194113
0.22381914985599577,1.0099355285226554,-0.28157288834207983
0.21582223552520902,1.0142886533992572,-0.28177786800127347
0.20778840293152007,1.0185615145136717,-0.2819842679891231
0.19971897962131396,1.0227534519123036,-0.2821920424043671
0.19161524823775383,1.0268638481206906,-0.2824011331617078
0.18347843424846294,1.0308921267606626,-0.28261147352754623
0.17530969478505876,1.0348377506470752,-0.28282299171884606
0.167110108930119,1.038700219465535,-0.2830356143944439
0.1588806697548822,1.0424790671481385,-0.28324926986803733
0.15062227836603195,1.0461738590739484,-0.2834638908800071
0.14233574016385636,1.0497841892239774,-0.28367941678093533
0.13402176344879063,1.0533096774164692,-0.28389579500270856
0.12568096044167587,1.056749966737244,-0.28411298172269106
0.1173138507077402,1.060104721262343,-0.2843309416612634
0.10892086689872306,1.0633736241472023,-0.2845496469916058
0.10050236265487311,1.0665563761293848,-0.284769075381087
0.09205862244186279,1.0696526944623141,-0.28498920722427346
0.08358987303973027,1.0726623122672674,-0.28521002216623903
0.07509629635406753,1.0755849782621552,-0.28543149504977805
0.06657804318545243,1.0784204568000315,-0.2856535914495226
0.05803524757269406,1.0811685281296377,-0.28587626297839064
0.0494680413190283,1.0838289887756358,-0.2860994425660426
0.040876568317611946,1.0864016519284954,-0.2863230399145138
0.03226099831273749,1.088886347733505,-0.2865469373324723
0.02362153976429404,1.091282923374954,-0.28677098613705554
0.014958451523594353,1.0935912428644423,-0.2869950037914275
0.00627205307633194,1.0958111864606197,-0.28721877191833034
-0.002437266839112273,1.0979426496699034,-0.28744203529646306
-0.011169043374671797,1.0999855418025652,-0.2876645019089987
-0.0199227305583883,1.1019397840842264,-0.2878858440741945
-0.028697698150716003,1.1038053073477738,-0.28810570064845775
-0.03749323034888855,1.1055820493536466,-0.2883236802543945
-0.046308526271402535,1.107269951806118,-0.28853936545191705
-0.05514270211496412,1.1088689571487218,-0.28875231774074295
-0.06399479484301604,1.1103790052327442,-0.28896208325864636
-0.07286376723837959,1.1118000299586603,-0.2891681990222299
-0.08174851413295388,1.1131319559911912,-0.2893701995461573
-0.09064786961418728,1.1143746956450638,-0.2895676236723903
-0.09956061500109877,1.115528146030765,-0.2897600214428868
-0.1084854873813404,1.1165921865384323,-0.28994696085660343
-0.11742118850437468,1.1175666767242332,-0.2901280343636594
-0.12636639383386522,1.1184514546481723,-0.29030286496524793
-0.13531976157392828,1.1192463356957396,-0.29047111180633833
-0.14427994149845347,1.1199511118993157,-0.29063247516828605
-0.1532455834295085,1.1205655517592843,-0.2907867007893179
-0.16221534522935888,1.1210894005499856,-0.290933583461664
-0.17118790019028995,1.1215223810826078,-0.29107296987410747
-0.1801619437266778,1.12186419488597,-0.2912047606873025
-0.18913619929416492,1.1221145237574468,-0.29132891184613663
-0.1981094234808956,1.1222730316298164,-0.2914454351481188
-0.20708041023528517,1.122339366695841,-0.29155439809931805
-0.21604799421318763,1.1223131637306638,-0.2916559230995752
-0.22501105324456894,1.1221940465525253,-0.29175018600654656
-0.23396850993536977,1.1219816305646326,-0.291837414133874
-0.2429193324342403,1.1216755253249369,-0.29191788374241145
-0.2518625344058635,1.121275337095866,-0.29199191708520855
-0.2607971742627826,1.1207806713322728,-0.2920598790671658
-0.26972235371590964,1.1201911350728508,-0.29212217357909775
-0.27863721571020295,1.1195063392075424,-0.29217923956360536
-0.2875409418166328,1.118725900600927,-0.29223154686707065
-0.29643274915439555,1.1178494440587912,-0.2922795919282779
-0.3053118869187559,1.1168766041319633,-0.29232389335006537
-0.3141776325899879,1.1158070267578357,-0.29236498739607497
-0.32302928789783436,1.1146403707455488,-0.29240342345041315
-0.331866174613973,1.113376309115624,-0.29243975947388123
-0.3406876302423375,1.1120145303086653,-0.2924745574867087
-0.34949300367392905,1.1105547392807567,-0.29250837910428373
-0.35828165086922936,1.1089966585050781,-0.2925417811495361
-0.3670529306274989,1.107340028900378,-0.29257531136325343
-0.3758062004983022,1.1055846107070788,-0.29260950423180687
-0.38454081288662734,1.1037301843310265,-0.29264487695057073
-0.39325611139886174,1.1017765511735105,-0.29268192554046335
-0.40195142747288604,1.0997235344638998,-0.29272112113491744
-0.41062607733138606,1.0975709801085196,-0.29276290645457337
-0.41927935929332794,1.0953187575660865,-0.29280769248746874
-0.42791055147422735,1.0929667607562836,-0.29285585539317593
-0.43651890990133135,1.0905149090041215,-0.2929077336500501
-0.4451036670650573,1.0879631480185148,-0.2929636254655197
-0.45366403092296886,1.0853114508992419,-0.2930237864701071
-0.4621991843670765,1.08255981916227,-0.29308842771622245
-0.4707082851594091,1.079708283769346,-0.29315771400305124
-0.47919046633447265,1.0767569061438989,-0.29323176254857475
-0.48764483706052203,1.0737057791519022,-0.2933106420291154
-0.4960704839444996,1.070555028023278,-0.293394372005531
-0.5044664727580953,1.067304811187033,-0.2934829227533797
-0.5128318505548899,1.0639553209914143,-0.29357621551193036
-0.5211656481409324,1.0605067842793579,-0.29367412316376096
-0.5294668828537091,1.0569594627890686,-0.29377647135301044
-0.5377345615974258,1.0533136533501029,-0.29388304004593224
-0.5459676840760468,1.04956968784664,-0.2939935655325465
-0.5541652461599548,1.0457279329218188,-0.2941077428627248
-0.5623262433175154,1.0417887894000892,-0.29422522870423995
-0.5704496740397117,1.0377526914083974,-0.29434564460420387
-0.5785345431842328,1.033620105181781,-0.2944685806289844
-0.5865798651655891,1.0293915275442644,-0.29459359935135465
-0.594584666919605,1.0250674840621037,-0.29472024014742226
-0.6025479905745978,1.0206485268728591,-0.29484802375986496
-0.6104688957672207,1.016135232200831,-0.29497645707846365
-0.6183464615486947,1.0115281975764305,-0.2951050380839315
-0.6261797878364779,1.006828038784326,-0.2952332608967898
-0.6339679963773139,1.0020353865722496,-0.29536062086958936
-0.6417102311997699,0.9971508831590398,-0.2954866196584054
-0.6494056585473117,0.9921751785867375,-0.295610770208129
-0.6570534662964823,0.9871089269669915,-0.29573260158602266
-0.6646528628782549,0.9819527826766128,-0.29585166359891546
-0.6722030757337705,0.9767073965606431,-0.2959675311318761
-0.6797033493480295,0.9713734122035443,-0.29607980814965673
-0.687152942916128,0.9659514623301534,-0.2961881313070498
-0.6945511277062312,0.9604421653975804,-0.29629217312018685
-0.7018971841910437,0.9548461224374285,-0.2963916446578292
-0.7091903990251183,0.9491639142043845,-0.29648629771951285
-0.7164300619486281,0.9433960986826825,-0.2965759264761578
-0.7236154626992473,0.937543208995958,-0.2966603685578122
-0.7307458880125659,0.9316057517590348,-0.2967395055829143
-0.7378206187880865,0.9255842059021733,-0.2968132631329494
-0.7448389274925475,0.9194790219895501,-0.29688161018614867
-0.7518000758652796,0.913290622044503,-0.2969445580329386
-0.7587033129819147,0.9070193998844895,-0.2970021587046263
-0.7655478737231229,0.9006657219591581,-0.2970545029546656
-0.7723329776848198,0.8942299286755282,-0.2971017178387583
-0.7790578285553806,0.8877123361854097,-0.2971439639458968
-0.7857216139744463,0.8811132386018785,-0.29718143233695504
-0.7923235058769882,0.874432910604318,-0.2972143412507222
-0.7988626613157324,0.8676716103850972,-0.2972429326391004
-0.8053382237449764,0.860829582885762,-0.29726746859367315
-0.8117493247394945,0.8539070632666426,-0.2972882277250464
-0.818095086113676,0.8469042805510314,-0.2973055015542341
-0.82437462239839,0.8398214613836968,-0.2973195909721622
-0.8305870436264061,0.8326588338434011,-0.2973308028191022
-0.8367314583715268,0.8254166312501376,-0.29733944663082035
-0.8428069769819414,0.8180950959100813,-0.29734583159239425
-0.8488127149447497,0.8106944827445746,-0.2973502637345058
-0.8547477963159982,0.8032150627536551,-0.29735304340030155
-0.8606113571491467,0.7956571262696934,-0.297354463004303
-0.8664025488543902,0.7880209859623851,-0.297354805097958
-0.8721205414218738,0.7803069795625112,-0.29735434074987044
-0.877764526443496,0.772515472278416,-0.29735332824230554
-0.8833337198706992,0.7646468588858581,-0.29735201207949147
-0.8888273644493384,0.7567015654786904,-0.29735062229757303
-0.8942447317774809,0.7486800508744278,-0.297349374060925
-0.8995851239377108,0.7405828076752697,-0.29734846752476085
-0.9048478746621714,0.7324103629911511,-0.2973480879399273
-0.9100323499961507,0.7241632788370025,-0.29734840597210876
-0.9151379484343655,0.7158421522214374,-0.2973495782046771
-0.920164100513218,0.7074476149484101,-0.29735174779196405
-0.9251102678519763,0.6989803331569682,-0.2973550452278899
-0.9299759416460176,0.6904410066270763,-0.2973595891935368
-0.9347606406256954,0.6818303678814226,-0.29736548744663427
-0.9394639085050884,0.6731491811142502,-0.29737283771575784
-0.9440853109553573,0.6643982409784764,-0.2973817285626419
-0.9486244321477595,0.6555783712618457,-0.29739224017706145
-0.9530808709211973,0.6466904234813994,-0.29740444507060926
-0.9574542366382035,0.6377352754234987,-0.2974184086380889
-0.9617441448015265,0.6287138296538265,-0.29743418955831147
-0.9659502125104209,0.6196270120184654,-0.2974518400099
-0.9700720538415055,0.6104757701533877,-0.2974714056819878
-0.9741092752431484,0.6012610720155938,-0.29749292556478735
-0.9780614710348638,0.5919839044448929,-0.2975164315105374
-0.9819282191038166,0.5826452717610482,-0.2975419475613592
-0.9857090768893486,0.573246194396845,-0.29756948904720537
-0.9894035777432233,0.5637877075637925,-0.2975990614638575
-0.9930112277481968,0.5542708599437585,-0.29763065914806797
-0.9965315030705273,0.5446967123970005,-0.2976642637742106
-0.9999638479132402,0.535066336674825,-0.2976998427039652
-1.003307673126523,0.5253808141238341,-0.29773734722761724
-1.0065623555198009,0.515641234368156,-0.2977767107422411
-1.0097272379069893,0.5058486939565277,-0.2978178469182393
-1.0128016299023779,0.49600429496247556,-0.2978606479111887
-1.015784809470157,0.4861091435281193,-0.2979049826806648
-1.0186760252156142,0.47616434834536014,-0.2979506954812967
-1.0214744993914073,0.46617101907223457,-0.2979976045938286
-1.0241794315779407,0.456130264686899,-0.29804550136504027
-1.026790002983399,0.4460431917870209,-0.29809414962506264
-1.0293053812966186,0.4359109028480381,-0.29814328554861724
-1.0317247260150129,0.4257344944596272,-0.2981926180230481
-1.0340471941605842,0.4155150555656573,-0.29824182958048984
-1.036271946289733,0.40525366573857446,-0.2982905779441285
-1.0383981526973316,0.3949513935244444,-0.298338498229215
-1.0404249997125996,0.3846092948994702,-0.2983852058282743
-1.0423516959834367,0.3742284118825357,-0.2984302999968427
-1.0441774786473146,0.3638097713509357,-0.29847336814113334
-1.0459016192902812,0.35335438410780007,-0.2985139907924419
-1.0475234296009934,0.342863244249518,-0.29855174723502986
-1.0490422666337231,0.33233732887972867,-0.2985862217347679
-1.0504575376026257,0.32177759821286345,-0.2986170102955463
-1.0517687041390298,0.3111849961047685,-0.29864372784948756
-1.0529752859534893,0.3005604510406253,-0.2986660157658445
-1.054076863854787,0.2899048776010318,-0.29868354954277065
-1.0550730820883003,0.2792191784159068,-0.2986960465262065
-1.0559636499660832,0.26850424660281585,-0.29870327348195547
-1.05674834277018,0.25776096867158155,-0.2987050538310092
-1.05742700191899,0.24699022786091684,-0.2987012743452895
-1.0579995343937671,0.23619290785554758,-0.2986918910920311
-1.0584659114284691,0.22536989681434066,-0.2986769344107334
-1.0588261664713527,0.2145220916219161,-0.29865651270795124
-1.0590803924309935,0.20365040225864528,-0.2986308148629375
-1.059228738223217,0.19275575616760315,-0.2986001110520058
-1.0592714046390608,0.18183910248287827,-0.2985647518221448
-1.0592086395578093,0.17090141597243252,-0.2985251652752896
-1.0590407325340412,0.15994370054155277,-0.2984818522640065
-1.0587680087938813,0.14896699214060416,-0.29843537954719257
-1.058390822683917,0.13797236092437948,-0.29838637091013687
-1.0579095506270029,0.12696091252027236,-0.29833549631639045
-1.0573245836526917,0.11593378827948353,-0.2982834592278176
-1.0566363195865915,0.10489216440948035,-0.29823098230232903
-1.05584515500223,0.0938372499167624,-0.2981787917537122
-1.054951477060925,0.08277028332590863,-0.2981276007320046
-1.05395565538846,0.07169252818265331,-0.2980780921524724
-1.0528580341613052,0.06060526739376787,-0.2980309014630924
-1.051658924597758,0.04950979650249332,-0.2979865998903801
-1.050358598068901,0.038407416043071185,-0.2979456787375667
-1.0489572800583864,0.02729942315877748,-0.2979085353237576
-1.0474551452061645,0.0161871027025155,-0.297875461144294
-1.045852313667108,0.005071718065233488,-0.2978466327985603
-1.0441488489986241,-0.006045498006335359,-0.2978221061700226
-1.0423447577600256,-0.017163352335698545,-0.2978018142541219
-1.0404399909597535,-0.028280699724820446,-0.29778556891359287
-1.0384344474241964,-0.039396450598180144,-0.29777306670069237
-1.036327979085425,-0.05050957765936859,-0.29776389872594167
-1.034120398096953,-0.06161912136551517,-0.29775756437973633
-1.0318114855909606,-0.07272419405585023,-0.2977534885339137
-1.029401001792624,-0.08382398260125268,-0.29775104167445243
-1.0268886971139517,-0.09491774946912479,-0.2977495622535813
-1.0242743237679053,-0.10600483212053524,-0.29774838041006735
-1.0215576473812602,-0.1170846406737106,-0.2977468421002525
-1.0187384580482144,-0.12815665378015223,-0.297744332618598
-1.0158165802619592,-0.1392204126691291,-0.2977402984721964
-1.012791881191953,-0.1502755133262419,-0.297734266613896
-1.0096642768415278,-0.16132159678630276,-0.2977258601349584
-1.0064337357221969,-0.17235833754450575,-0.2977148096687472
-1.0031002798127124,-0.18338543012679231,-0.2977009599561724
-0.999663982725109,-0.19440257391345994,-0.29768427126175756
-0.9961249651666967,-0.20540945638084396,-0.29766481559354063
-0.9924833879546509,-0.21640573501294186,-0.29764276795424394
-0.9887394429963332,-0.22739101823465774,-0.29761839311810245
-0.984893342781875,-0.2383648458244173,-0.29759202866882073
-0.9809453090355882,-0.24932666936763725,-0.2975640652327767
-0.9768955612316512,-0.2602758334038121,-0.2975349249830921
-0.9727443056926213,-0.2712115579883169,-0.297505039564524
-0.9684917259559129,-0.2821329234253013,-0.2974748285910007
-0.9641379750164112,-0.29303885792283135,-0.29744467979814515
-0.9596831699394577,-0.303928128870545,-0.297414931798615
-0.9551273891967318,-0.31479933834295376,-0.2973858602008268
-0.9504706729194583,-0.3256509232911392,-0.29735766762741167
-0.9457130261005928,-0.3364811607093265,-0.2973304779271224
-0.9408544246215467,-0.34728817786119326,-0.29730433463166306
-0.9358948238395013,-0.3580699674364257,-0.2972792034845704
-0.9308341693555215,-0.3688244072947311,-0.29725497867692585
-0.9256724094963664,-0.37954928425557055,-0.2972314922747601
-0.9204095089852673,-0.390242321218686,-0.2972085262201414
-0.9150454632482319,-0.40090120676237323,-0.2971858262327589
-0.909580312799336,-0.41152362626928235,-0.29716311692726993
-0.904014157166563,-0.42210729357608545,-0.29714011748660174
-0.8983471678540889,-0.432649982133597,-0.2971165572838863
-0.8925795998827614,-0.44314955469526035,-0.29709219091614214
-0.8867118015037067,-0.4536039906198168,-0.2970668121922564
-0.880744221737698,-0.4640114099729621,-0.29704026669881567
-0.8746774154530144,-0.4743700937366946,-0.29701246264414616
-0.8685120457561739,-0.4846784995773987,-0.296983379750388
-0.8622488835329977,-0.49493527277826654,-0.29695307602369225
-0.8558888040420316,-0.5051392521024038,-0.2969216922839111
-0.849432780528997,-0.5152894705140565,-0.296889454378533
-0.8428818748996552,-0.5253851508410965,-0.29685667304249574
-0.836237225559349,-0.5354256966072921,-0.29682374139802326
-0.8295000325999884,-0.5454106783924766,-0.2967911301181414
-0.8226715405883586,-0.5553398161884651,-0.29675938030546756
-0.815753019282355,-0.5652129583044115,-0.2967290941654048
-0.808745742672299,-0.5750300574345155,-0.2967009235804683
-0.8016509668113925,-0.5847911445322156,-0.29667555672114765
-0.794469906960674,-0.5944963011382653,-0.29665370285878123
-0.7872037146278372,-0.6041456307872992,-0.29663607557828664
-0.7798534551240239,-0.6137392300725341,-0.2966233746240243
-0.7724200862963349,-0.6232771598864771,-0.2966162666513663
-0.7649044391145553,-0.6327594172841882,-0.29661536520061804
-0.7573072007963795,-0.6421859083427921,-0.29662121025905286
-0.7496289011446222,-0.6515564223252196,-0.29663424783099424
-0.7418699027406046,-0.6608706074061943,-0.29665480999421967
-0.7340303955887219,-0.6701279481917011,-0.2966830959815989
-0.7261103967368772,-0.679327745265514,-0.2967191548866366
-0.7181097553053248,-0.6884690970312826,-0.29676287064654816
-0.7100281632424108,-0.6975508841866784,-0.29681395000085686
-0.7018651719901466,-0.7065717572641468,-0.29687191415134184
-0.6936202150869571,-0.7155301277942953,-0.296936094853093
-0.6852926365609223,-0.7244241637826259,-0.29700563563912774
-0.6768817247771048,-0.7332517903243135,-0.29707949881543305
-0.6683867512002533,-0.742010696298514,-0.29715647875248985
-0.6598070133226742,-0.7506983481643564,-0.2972352218384484
-0.6511418807908458,-0.7593120119050475,-0.2973142532447304
-0.6423908435480702,-0.7678487841141561,-0.2973920103865544
-0.6335535605996465,-0.7763056330695676,-0.2974668826417082
-0.6246299078086384,-0.7846794503787364,-0.29753725652798124
-0.6156200229521548,-0.7929671133903988,-0.2976015651452171
-0.6065243461200598,-0.801165558044709,-0.2976583402789177
-0.5973436534319811,-0.8092718611751583,-0.2977062651617257
-0.5880790819982786,-0.8172833304897437,-0.2977442255249836
-0.578732144072316,-0.8251975995657215,-0.2977713562776121
-0.5693047284526122,-0.833012724225671,-0.2977870809605081
-0.5597990874127603,-0.8407272756729408,-0.2977911410797258
-0.5502178077826196,-0.8483404248214133,-0.2977836125583797
-0.5405637652920096,-0.8558520114478861,-0.2977649068991406
-0.530840061929357,-0.8632625912354603,-0.2977357552412063
-0.521049946866114,-0.870573453591408,-0.2976971743393857
-0.5111967224463849,-0.8777866034517575,-0.29765041458116337
-0.5012836378183753,-0.884904701264848,-0.2975968914581779
-0.4913137739506991,-0.8919309570953537,-0.2975381033594291
-0.48128992497148526,-0.8988689773818167,-0.29747554005937715
-0.4712144819070745,-0.9057225663121052,-0.29741058770455875
-0.4610893258708378,-0.9124954879418155,-0.2973444372959768
-0.4509157384290846,-0.9191911998206903,-0.2972780044383905
-0.44069433710054307,-0.9258125736052731,-0.29721186829313506
-0.4304250435735003,-0.9323616223626134,-0.29714623706054133
-0.42010709110915734,-0.9388392573341342,-0.29708094581563893
-0.4097390756428301,-0.9452450981169409,-0.29701549010010786
-0.39931905227685927,-0.9515773588994463,-0.296949095431158
-0.3888446752783389,-0.9578328291558001,-0.29688081906731534
-0.37831337559753514,-0.9640069600359098,-0.29680967636394895
-0.3677225657132021,-0.9700940580539572,-0.2967347803697007
-0.3570698578254421,-0.976087576569322,-0.2966554805282724
-0.34635327865466525,-0.981980484397746,-0.2965714849933283
-0.33557146292156886,-0.9877656813386798,-0.2964829515306746
-0.3247238083605778,-0.993436424025798,-0.29639053442408114
-0.31381057795747275,-0.9989867234532388,-0.29629537906725134
-0.30283293975634207,-1.0044116782637682,-0.29619906155037445
-0.29179294048225185,-1.0097077150564702,-0.29610347681667326
-0.28069341558090277,-1.0148727174815766,-0.2960106850136186
-0.26953784422587873,-1.0199060381273493,-0.29592273064453223
-0.2583301626333626,-1.0248083993885337,-0.29584145234495796
-0.24707455213751164,-1.0295817000352678,-0.2957683021426798
-0.23577521970271337,-1.0342287519118452,-0.29570419182281515
-0.22443618795740716,-1.038752975484829,-0.2956493807545564
-0.21306110972177555,-1.0431580837784584,-0.29560341476371166
-0.20165311878598619,-1.047447781969692,-0.295565120051416
-0.19021472482738996,-1.0516255052419592,-0.2955326505195208
-0.17874775625494305,-1.055694211233211,-0.2955035818644891
-0.1672533507924298,-1.0596562364022375,-0.29547504198618757
-0.1557319900400445,-1.063513218661164,-0.29544386495032215
-0.14418357130001996,-1.0672660823524112,-0.2954067550297834
-0.13260750777445635,-1.0709150766046167,-0.29536044810001916
-0.12100284695595787,-1.0744598546282242,-0.2953018595819572
-0.10936839670170165,-1.0778995797615385,-0.2952282108232078
-0.0977028491166742,-1.0812330440159046,-0.29513712886817967
-0.0860048938950172,-1.084458786283172,-0.2950267176036925
-0.07427331499820883,-1.087575199908223,-0.2948956009585466
-0.06250706719843506,-1.090580622550732,-0.29474294095084197
-0.05070533172356881,-1.0934734046903671,-0.2945684347789035
-0.0388675526300712,-1.0962519563275674,-0.29437229579989377
-0.0269934572835466,-1.0989147740433167,-0.2941552231837177
-0.015083065249433229,-1.1014604523759797,-0.2939183643942762
-0.003136689954312024,-1.103887684359562,-0.2936632736164815
0.008845063205656138,-1.1061952560882484,-0.2933918680263856
0.020861299817115268,-1.108382039479133,-0.2931063826029394
0.03291083935833629,-1.1104469862265134,-0.2928093231860667
0.04499221826199218,-1.1123891245398476,-0.29250341682935055
0.05710369432087378,-1.1142075588892508,-0.29219155824642695
0.06924325417755828,-1.1159014718601705,-0.2918767513109972
0.0814086257269213,-1.1174701264859983,-0.2915620450830527
0.09359729694879937,-1.1189128671447568,-0.29125046459367465
0.10580654210104204,-1.120229117254981,-0.2909449374965767
0.11803345548653721,-1.1214183725030051,-0.290648218551095
0.13027499229593317,-1.122480189055504,-0.2903628146184367
0.14252801541887927,-1.1234141670181594,-0.29009091333994474
0.15478934666355815,-1.1242199301626987,-0.28983431886749056
0.16705582053776072,-1.1248971035533373,-0.2895943979126996
0.17932433860632271,-1.1254452910859145,-0.28937203898574393
0.1915919224173785,-1.1258640550719392,-0.28916762704511956
0.20385576305232622,-1.126152899854027,-0.2889810349378239
0.21611326547952586,-1.126311261059476,-0.28881163205015303
0.2283620860695021,-1.1263385015408314,-0.28865830959872296
0.24060016185965358,-1.1262339143894378,-0.2885195210553546
0.25282573044387086,-1.125996732721457,-0.2883933353971262
0.2650373397104153,-1.125626145304803,-0.28827750026699395
0.2772338470565985,-1.12512131658894,-0.2881695117617744
0.28941440815835373,-1.1244814093681514,-0.288066687448433
0.30157845584303633,-1.123705608180967,-0.28796623933798093
0.3137256700731109,-1.1227931416268624,-0.28786534388912055
0.3258559404612113,-1.1217433020460474,-0.2877612066252144
0.3379693230687941,-1.120555461417543,-0.2876511195723701
0.3500659934634919,-1.1192290828291362,-0.28753251040204386
0.36214619810574145,-1.1177637273966092,-0.2874029828277369
0.3742102060975365,-1.1161590569948325,-0.28726034840584336
0.3862582631615493,-1.114414833553947,-0.28710265037829674
0.3982905494453496,-1.1125309159279881,-0.28692818053563474
0.4103071423902367,-1.1105072554381006,-0.2867354902559305
0.4223079855004776,-1.108343891127114,-0.28652339688834716
0.43429286343218115,-1.106040945557365,-0.28629098651927865
0.44626138342584626,-1.1035986216778078,-0.28603761391926996
0.45821296276190726,-1.1010172009312247,-0.2857629001678488
0.47014682164621147,-1.0982970424235685,-0.2854667281439267
0.4820619807456728,-1.095438582687357,-0.2851492358030441
0.4939572624975492,-1.0924423353808437,-0.28481080698228034
0.5058312953060946,-1.0893088901980263,-0.28445205940666995
0.5176825198086776,-1.0860389103255506,-0.2840738296262668
0.5295091965262463,-1.082633127955422,-0.2836771547800929
0.5413094143942524,-1.0790923376152117,-0.2832632513330484
0.5530810998814233,-1.0754173873677382,-0.2828334912233721
0.5648220266258388,-1.071609168214325,-0.2823893761433438
0.5765298257307588,-1.067668602267514,-0.2819325109076545
0.5882019970468708,-1.0635966304086002,-0.28146457700294447
0.5998359219052465,-1.0593942001939072,-0.2809873074319471
0.6114288778408998,-1.0550622547189108,-0.28050246385634003
0.6229780558505352,-1.0506017230026743,-0.2800118168104042
0.6344805806551825,-1.0460135122410916,-0.27951712942557694
0.6459335342923563,-1.0412985020270495,-0.27902014470848613
0.6573339831533661,-1.0364575403838108,-0.278522575995249
0.6686790083261591,-1.031491441237115,-0.27802609980870097
0.6799657388250536,-1.0264009827881924,-0.2775323500167799
0.6911913870095869,-1.0211869061623995,-0.2770429119675759
0.702353285240604,-1.0158499137040324,-0.27655931518684684
0.7134489226140914,-1.010390666364574,-0.2760830232822249
0.7244759804695744,-1.0048097797773836,-0.2756154199055685
0.7354323653016166,-0.999107818808104,-0.2751577899677513
0.7463162377146184,-0.9932852905936728,-0.2747112957529192
0.7571260361514278,-0.9873426363098806,-0.2742769481056151
0.7678604942878311,-0.9812802221155201,-0.27385557342164146
0.7785186512060704,-0.9750983298915488,-0.27344777771594364
0.7890998537260199,-0.9687971485134544,-0.2730539095233211
0.7996037505658695,-0.9623767664563024,-0.27267402376937944
0.8100302783073088,-0.9558371665331764,-0.27230784899647276
0.820379639436667,-0.9491782235109639,-0.2719547604181005
0.8306522730078919,-0.9423997052388882,-0.2716137611923948
0.8408488187130865,-0.9355012777725793,-0.27128347404911457
0.8509700753420748,-0.9284825147893929,-0.27096214498609794
0.8610169547588438,-0.9213429113792893,-0.27064766019195763
0.8709904326182947,-0.9140819020708272,-0.27033757668540837
0.8808914970941881,-0.9066988827255592,-0.27002916642937325
0.8907210968953432,-0.899193235718215,-0.2697194729283219
0.9004800898211796,-0.891564357626986,-0.26940537860146563
0.9101691930611997,-0.8838116884994854,-0.26908368059223675
0.9197889363871374,-0.8759347416452856,-0.268751172171243
0.9293396193311642,-0.8679331328426592,-0.26840472654996317
0.9388212733952248,-0.8598066078384259,-0.2680413797676493
0.9482336302964134,-0.8515550670652032,-0.26765840935005025
0.9575760972171077,-0.8431785865949873,-0.26725340565482236
0.9668477399857307,-0.8346774344840393,-0.2668243331896287
0.9760472750493764,-0.8260520818313,-0.2663695796773784
0.9851730709949065,-0.8173032080604203,-0.2658879912046561
0.9942231602129692,-0.808431700133802,-0.26537889237817813
1.0031952610655777,-0.7994386456075544,-0.26484209098883027
1.012086810605689,-0.7903253196335226,-0.2642778672106785
1.020895007509489,-0.7810931662049713,-0.26368694782341606
1.0296168644330719,-0.7717437741256472,-0.26307046633458575
1.0382492685193303,-0.7622788483579144,-0.2624299101994607
1.0467890482916535,-0.7527001775757372,-0.261767056608301
1.0552330447171092,-0.7430095989128445,-0.2610838985560384
1.063578183842307,-0.7332089610539995,-0.26038256315127084
1.0718215481362956,-0.7233000869644411,-0.2596652243786435
1.0799604435448593,-0.7132847376818766,-0.25893401280961625
1.0879924592879522,-0.7031645786961339,-0.2581909250565795
1.0959155176236308,-0.692941150499247,-0.2574377360639981
1.103727911153309,-0.6826158448857712,-0.2566759175925175
1.1114283257397597,-0.6721898885006663,-0.25590656643056886
1.119015847728118,-0.6616643349517635,-0.25513034590878103
1.1264899548718335,-0.6510400665117433,-0.2543474441414326
1.1338504911363985,-0.6403178060231292,-0.2535575520306095
1.1410976263471493,-0.6294981390928648,-0.2527598634139143
1.1482318024245668,-0.6185815460368201,-0.25195309881063865
1.1552536686714774,-0.6075684423401055,-0.2511355530489221
1.1621640092008423,-0.5964592256814264,-0.2503051656938944
1.1689636660797689,-0.5852543268859953,-0.24945961173030629
1.175653462077521,-0.5739542615866942,-0.2485964084932255
1.1822341270088677,-0.5625596789545345,-0.2477130335137947
1.1887062315342147,-0.5510714036697619,-0.2468070468828376
1.1950701319014536,-0.5394904673946134,-0.24587621105323842
1.2013259284946682,-0.5278181264091678,-0.24491860079733496
1.2074734402139824,-0.5160558627886946,-0.24393269636631776
1.2135121956928443,-0.5042053675099758,-0.24291745377603235
1.219441441227912,-0.49226850512003073,-0.24187234752722175
1.2252601641342225,-0.4802472609981804,-0.24079738286521923
1.2309671291376163,-0.4681436736829233,-0.23969307675642604
1.2365609244735234,-0.45595975609552813,-0.23856040893467667
1.2420400136658856,-0.44369741064745805,-0.2374007464612522
1.2474027885845116,-0.43135834405505447,-0.23621574706199522
1.2526476193700629,-0.418943988113727,-0.23500724789176508
1.257772897187186,-0.40645543265203476,-0.23377714720925358
1.262777066495823,-0.3938933763830202,-0.232527286659312
1.2676586445614066,-0.3812581004292529,-0.23125934145266536
1.272416227169515,-0.36854946799171995,-0.22997472476486713
1.2770484808599276,-0.3557669520634632,-0.22867451126200078
1.2815541233286578,-0.34290969137622535,-0.22735938295521474
1.2859318948441891,-0.3299765730345675,-0.22602959876506756
1.2901805244778994,-0.31696633864911106,-0.22468498741564735
1.2942986955721143,-0.3038777093211154,-0.2233249617324118
1.2982850151066296,-0.29070952362183183,-0.221948551205021
1.3021379914527162,-0.2774608817943985,-0.22055444886803444
1.3058560244356041,-0.2641312888045974,-0.21914106816805545
1.3094374107061706,-0.25072078858760416,-0.21770660549825505
1.3128803662222368,-0.2372300818813322,-0.21624910442414258
1.316183066250272,-0.22366062040486312,-0.21476651820761505
1.319343701821734,-0.21001467083599307,-0.21325676795858928
1.3223605501194864,-0.19629534307170204,-0.2117177945086428
1.3252320549289227,-0.1825065786215001,-0.21014760282712763
1.327956912154283,-0.16865309667861,-0.20854429842888966
1.3305341545490255,-0.15474029740842787,-0.20690611572036133
1.3329632292989573,-0.14077412423057778,-0.2052314385900056
1.3352440619730297,-0.1267608892577915,-0.20351881378297132
1.337377100649047,-0.11270706846487744,-0.2017669577385386
1.3393633347462088,-0.09861907543673337,-0.1999747576512818
1.3412042842542122,-0.08450302450902131,-0.19814126758491657
1.3429019566205773,-0.07036449558720553,-0.19626570055770554
1.344458770499575,-0.05620831374202129,-0.19434741765534835
1.3458774477995603,-0.04203835669734973,-0.19238591541755756
1.347160877872568,-0.027857402465787273,-0.1903808129730924
1.3483119601104152,-0.013667027628448958,-0.18833184062539376
1.3493334334466158,0.0005324358473359769,-0.18623883175914413
1.3502277030890548,0.01474188067517579,-0.18410171997527502
1.3509966759986531,0.028963340451756636,-0.18192054319791007
1.3516416169835552,0.04319984532000953,-0.17969545607529014
1.3521630366561812,0.05745522444105855,-0.17742675129215524
1.3525606208497165,0.07173386627311035,-0.17511488944021414
1.3528332084690216,0.08604045063429172,-0.17276053592233787
1.3529788213335032,0.10037966858034653,-0.1703646021092593
1.3529947456378153,0.11475594707905401,-0.16792828677742833
1.3528776605712205,0.12917319522625914,-0.16545311290601128
1.3526238057985034,0.1436345873396988,-0.16294095436897127
1.3522291763042102,0.15814239579677752,-0.1603940470638534
1.3516897308703713,0.17269788313896867,-0.15781497965698654
1.3510015994283555,0.1873012589888059,-0.15520666040779663
1.3501612748041212,0.20195170298233517,-0.1525722583930984
1.3491657759287856,0.21664745048117123,-0.1499151197379187
1.3480127722463162,0.23138593355453868,-0.14723866195940105
1.3467006625347873,0.2461639658578454,-0.14454625199122106
1.3452286053041496,0.26097795681041047,-0.141841075614084
1.3435965019362186,0.27582413811002054,-0.13912600763236926
1.3418049373900323,0.29069878432328705,-0.13640349302039678
1.339855086253817,0.3055984092453723,-0.13367544930175668
1.3377485939191387,0.3205199210765654,-0.13094319959663148
1.3354874435392645,0.33546072228934803,-0.1282074441348131
1.3330738192067844,0.350418744318832,-0.1254682757164025
1.3305099745772737,0.36539241271360634,-0.12272524178555178
1.3277981142249256,0.38038054477085925,-0.11997745266271265
1.324940292668905,0.39538218841357864,-0.11722373225305249
1.3219383336063852,0.4103964174724125,-0.11446280439196022
1.3187937697487087,0.4254221038642296,-0.11169350506460907
1.31550780201764,0.44045769069649526,-0.10891500820031608
1.3120812758414646,0.4555009914989029,-0.10612705075676798
1.3085146718938503,0.470549039271394,-0.1033301415573662
1.3048081087338486,0.48559800484984,-0.10052573802742204
1.3009613552560597,0.5006431975906348,-0.09771637578902981
1.296973851449306,0.5156791532458237,-0.09490573817276116
1.2928447365228055,0.5306998050522108,-0.09209865614177071
1.2885728838847619,0.5456987254992179,-0.08930103380725551
1.284156942716697,0.5606694189343188,-0.08651970036801626
1.2795953860018563,0.5756056398988808,-0.08376219547207153
1.2748865648855325,0.5905017093803175,-0.08103650106789106
1.27002876919989,0.6053528012238532,-0.07835073810506454
1.2650202938605415,0.6201551736645687,-0.0757128503004636
1.2598595105710457,0.6349063259469507,-0.07313029907682678
1.254544943766725,0.6496050667256276,-0.07060979340003026
1.2490753489311661,0.6642514886957279,-0.06815707556641559
1.243449790352912,0.6788468519418163,-0.06577677929494685
1.2376677142017982,0.693393386090841,-0.06347237028692354
1.231729011752678,0.7078940278414794,-0.06124617241925501
1.2256340669882613,0.7223521152681383,-0.059099475676069435
1.2193837829634653,0.7367710630706639,-0.05703271547537936
1.2129795823809992,0.7511540434717141,-0.05504570774527373
1.2064233797923942,0.7655036957975087,-0.053137920298722774
1.1997175254742647,0.7798218841996548,-0.05130875892623954
1.1928647239437231,0.7941095179818974,-0.049557846209863365
1.1858679327944972,0.808366443224135,-0.04788527229464057
1.1787302496063026,0.8225914085267976,-0.046291799583881854
1.171454795774327,0.8367821023415778,-0.044779007313417996
1.1640446060779468,0.8509352549507534,-0.04334936687732105
1.1565025317149407,0.8650467949211789,-0.04200624420490229
1.1488311626002958,0.8791120477740159,-0.04075383095549334
1.1410327723109859,0.8931259634839509,-0.039597011337101806
1.1331092865281542,0.9070833589756686,-0.038541175573952646
1.1250622735274285,0.9209791617689538,-0.037591994178567845
1.1168929534468997,0.9348086411964104,-0.036755169106893915
1.1086022218569471,0.9485676141901966,-0.03603617860278607
1.1001906825933294,0.9622526136503788,-0.03544003217346492
1.0916586848379712,0.9758610090753209,-0.03497105082187035
1.0830063599366806,0.9893910716303059,-0.034632685537498764
1.074233654309739,1.0028419792070589,-0.03442738424371683
1.065340355923639,1.0162137611556923,-0.03435651404427986
1.0563261130420991,1.0295071869331176,-0.03442034185624099
1.0471904452548122,1.0427236074413382,-0.034618072559673196
1.0379327479801024,1.0558647617884933,-0.03494793989319844
1.0285522926324098,1.068932565081803,-0.03540734177784288
1.0190482253224393,1.08192889425227,-0.03599300887004864
1.0094195672296524,1.0948553885906196,-0.03670119320054632
0.99966521961929,1.1077132796308262,-0.03752786294010391
0.98978397590528,1.1205032614604424,-0.038468889719762256
0.979774542293447,1.1332254078750583,-0.039520216462720636
0.9696355675368196,1.145879137588775,-0.04067799616976764
0.9593656813762863,1.1584632236095278,-0.04193869524773408
0.9489635404845453,1.1709758385296485,-0.043299158423156126
0.9384278802814978,1.1834146244163033,-0.04475663566578669
0.927757570868456,1.1957767745812546,-0.04630877451781501
0.9169516754774185,1.208059114894609,-0.04795358352155654
0.9060095101249321,1.220258174352231,-0.04968937390885797
0.894930703437719,1.2323702379434882,-0.05151468733055964
0.8837152557252073,1.244391378951374,-0.053428217248415955
0.87236359620507,1.256317472021102,-0.05542873085560873
0.8608766368105787,1.2681441920387126,-0.057514997251514544
0.8492558202843957,1.2798670065543745,-0.059685726290004126
0.8375031594380495,1.2914811708249962,-0.06193952123190982
0.8256212637361018,1.3029817344075953,-0.0642748471838428
0.8136133489738494,1.3143635666963007,-0.06669001634917326
0.8014832259545013,1.3256214061416578,-0.06918319033769449
0.7892352648608763,1.3367499345444398,-0.0717523991136253
0.7768743334769059,1.3477438742782812,-0.07439557551771303
0.7644057094454375,1.3585981030708862,-0.07711060359217425
0.7518349691374021,1.3693077785003824,-0.07989537811079828
0.7391678581560093,1.3798684629531002,-0.08274787176406573
0.7264101506715315,1.390276239585851,-0.08566620542438974
0.7135675063574529,1.4005278108037604,-0.08864871593053181
0.7006453344270651,1.4106205727002135,-0.0916940150389336
0.6876486740149419,1.420552661478085,-0.09480103276890839
0.6745820989103835,1.4303229706822411,-0.09796903848429217
0.6614496525664681,1.4399311407218205,-0.10119763383086022
0.6482548166271955,1.4493775243077316,-0.10448671314081404
0.6350005132551122,1.4586631328462456,-0.10783638908831761
0.621689138641812,1.4677895694184762,-0.11124688410155503
0.6083226225556077,1.4767589537799224,-0.11471839108481374
0.5949025068695866,1.4855738439917654,-0.11825091008573185
0.5814300348757242,1.4942371580818927,-0.12184407032712974
0.5679062428870499,1.502752097796263,-0.12549694918026177
0.5543320461316931,1.5111220752894698,-0.1292079009023288
0.5407083121506251,1.5193506427092347,-0.1329744080962465
0.5270359166738836,1.5274414241569139,-0.1367929677923958
0.5133157790860119,1.5353980494622061,-0.1406590218523398
0.49954887690065575,1.5432240895139109,-0.14456693824171185
0.4857362409396637,1.5509229933973203,-0.14851004592050798
0.471878934945804,1.5584980281361656,-0.15248072204499086
0.4579780249502793,1.565952222274092,-0.15647052629359592
0.4440345446887072,1.573288314757899,-0.1604703738266997
0.43004946357793855,1.580508710570053,-0.164470735998117
0.41602366316790684,1.5876154443338173,-0.16846185666368396
0.40195792660169183,1.5946101527586496,-0.17243397183654796
0.38785294360002515,1.6014940563993232,-0.1763775214206582
0.3737093310897391,1.6082679508482012,-0.1802833435785538
0.3595276671563421,1.614932207210765,-0.18414284463023023
0.34530853388590826,1.6214867815339806,-0.18794813987797143
0.3310525632020813,1.627931232739136,-0.19169216307979609
0.3167604792313816,1.6342647485153443,-0.1953687442095282
0.3024331311263614,1.6404861785203677,-0.19897265652196072
0.2880715115578644,1.6465940740910088,-0.20249963479208755
0.27367675801981095,1.6525867334818698,-0.20594636702946834
0.2592501363372579,1.6584622514383387,-0.20931046215755966
0.24479300796189668,1.6642185716828986,-0.21259039627805487
0.23030678444979796,1.669853540671323,-0.2157854403530135
0.21579287371452938,1.6753649607785925,-0.21889557249423586
0.20125262313870057,1.6807506409300408,-0.2219213785183931
0.18668726444780726,1.686008442636087,-0.2248639448992953
0.17209786455105386,1.691136319457831,-0.22772474857649372
0.15748528554415897,1.696132348160111,-0.23050554812218094
0.14285015596770873,1.7009947502156908,-0.23320828044022512
0.12819285439994554,1.7057219028973964,-0.23583496646937352
0.11351350564535424,1.7103123398895113,-0.2383876283727442
0.09881198919293582,1.7147647420896193,-0.2408682195713896
0.08408795922994955,1.7190779199657698,-0.2432785679048668
0.06934087523813168,1.7232507893904618,-0.2456203313453138
0.05457004199256191,1.7272823432230422,-0.2478949651682365
0.039774657568578925,1.7311716210221726,-0.2501036993291028
0.024953867712713684,1.7349176791476166,-0.25224752496383585
0.010106824659323388,1.7385195632016346,-0.25432718931160325
-0.004767251787211629,1.741976284335892,-0.2563431988024729
-0.019669013283498238,1.7452868004895905,-0.25829583041436255
-0.03459892455829314,1.7484500031986017,-0.26018515157032884
-0.049557210017833225,1.7514647102701955,-0.26201104876195247
-0.06454380755811956,1.7543296643702322,-0.263773264753014
-0.07955833146427699,1.7570435374065492,-0.26547144370070996
-0.09460004584760046,1.7596049404807612,-0.2671051829257025
-0.1096678495881907,1.7620124390791891,-0.2686740894746069
-0.12476027325777872,1.7642645730470785,-0.2701778391434506
-0.13987548802731326,1.7663598807189484,-0.27161623533294854
-0.15501132613856305,1.7682969263640351,-0.27298926501398046
-0.17016531214657446,1.7700743298719537,-0.274297149187831
-0.18533470381925524,1.7716907973853084,-0.2755403854996772
-0.20051654130555804,1.7731451514229073,-0.2767197810634052
-0.2157077029496672,1.7744363589618612,-0.277836474038786
-0.2309049659334744,1.7755635559779512,-0.27889194303448916
-0.2461050697785334,1.7765260670822483,-0.27988800396690805
-0.26130478064041607,1.7773234191232594,-0.28082679456752646
-0.27650095429482735,1.7779553479225323,-0.2817107472827365
-0.2916905957562631,1.7784217976479924,-0.28254255182968
-0.30687091359214524,1.7787229126764876,-0.2833251091330715
-0.3220393671974153,1.7788590221341563,-0.2840614787413578
-0.3371937055677787,1.7788306176171205,-0.28475482207594793
-0.3523319964386162,1.7786383248777202,-0.28540834398181625
-0.3674526450203714,1.7782828705085598,-0.2860252350101178
-0.3825544019368243,1.7777650448631808,-0.28660861667782234
-0.39763636033755706,1.777085662611873,-0.2871614916347476
-0.4126979424901717,1.7762455224366034,-0.28768670025665743
-0.42773887644658076,1.7752453674133255,-0.28818688471346765
-0.44275916361192935,1.7740858476086683,-0.2886644610756175
-0.45775903822167074,1.7727674863322935,-0.289121599557997
-0.47273891985521477,1.7712906513426214,-0.28956021259197007
-0.48769936019154936,1.7696555321138174,-0.2899819500858989
-0.5026409852554079,1.7678621240509624,-0.2903882009980938
-0.5175644344259596,1.7659102203037198,-0.29078010020969725
-0.5324702974987452,1.7637994115896436,-0.291158539646869
-0.5473590511194123,1.761529094206285,-0.2915241826533299
-0.5622309959563235,1.7590984861905297,-0.2918774807415243
-0.577086196055876,1.756506651374038,-0.2922186920342704
-0.5919244219316613,1.753752530880883,-0.2925479009263925
-0.6067450990725483,1.7508349814112787,-0.29286503872304603
-0.621547263704006,1.747752819446034,-0.2931699052235479
-0.6363295277823965,1.7445048702840902,-0.2934621913930058
-0.6510900553162635,1.741090020586248,-0.29374150337850624
-0.6658265521569349,1.7375072728426453,-0.294007388166021
-0.6805362713420835,1.7337557999156972,-0.2942593611279496
-0.6952160358658886,1.7298349975477734,-0.2944969355757372
-0.7098622803445438,1.725744532485133,-0.29471965421115875
-0.7244711124096087,1.7214843836869305,-0.29492712207568705
-0.7390383937720881,1.717054873997984,-0.2951190402510542
-0.7535598397583274,1.7124566897086542,-0.2952952391949535
-0.7680311347585651,1.707690885648282,-0.29545571024147055
-0.7824480595232071,1.702758873896414,-0.29560063349984733
-0.7968066247070172,1.6976623948727139,-0.2957304001936043
-0.8111032036550747,1.6924034704823923,-0.29584562744034004
-0.8253346563345048,1.6869843401208133,-0.2959471636183548
-0.839498435741994,1.6814073816146933,-0.29603608282416816
-0.8535926682406278,1.6756750204980988,-0.2961136675001801
-0.867616200231128,1.6697896322591352,-0.29618137908371955
-0.8815686053863475,1.6637534431994476,-0.29624081744880293
-0.8954501493056406,1.6575684361748793,-0.2962936709028767
-0.9092617116828814,1.6512362676078318,-0.296341659461008
-0.923004669618372,1.6447582017023052,-0.2963864749332126
-0.9366807491463807,1.6381350667414214,-0.2964297219100396
-0.9502918549734307,1.6313672367721297,-0.29647286391770233
-0.9638398904418387,1.6244546400265834,-0.2965171787730385
-0.9773265805671323,1.6173967932985387,-0.2965637264878993
-0.9907533105228383,1.6101928594222121,-0.2966133319998858
-1.0041209902214667,1.6028417232237067,-0.2966665836480784
-1.017429952903083,1.5953420800253264,-0.2967238468226583
-1.030679892267088,1.5876925301068439,-0.29678529077515936
-1.0438698391167132,1.5798916725060923,-0.2968509253588636
-1.056998175174783,1.5719381921281421,-0.29692064362424064
-1.0700626790455052,1.5638309352089528,-0.2969942658168412
-1.0830605974847172,1.5555689695767945,-0.2970715804434938
-1.0959887342920172,1.5471516276857737,-0.2971523786480399
-1.1088435491953899,1.538578531882172,-0.2972364790737463
-1.1216212598878383,1.5298496026630204,-0.29732374155054764
-1.1343179416514282,1.5209650517021165,-0.29741406918079893
-1.1469296205036899,1.5119253621095585,-0.2975073995642774
-1.1594523572892923,1.5027312587623856,-0.29760368688558225
-1.1718823214387584,1.493383671637226,-0.2977028773069281
-1.1842158541212546,1.483883694952698,-0.2978048805313578
-1.196449521193964,1.4742325446573026,-0.2979095405287526
-1.2085801567164633,1.4644315164401183,-0.29801660828428234
-1.2206048979098996,1.4544819460463652,-0.29812571908947594
-1.232521212370183,1.4443851732830009,-0.2982363764125364
-1.2443269181645076,1.4341425107221257,-0.29834794381808294
-1.2560201972157325,1.4237552177634223,-0.29845964581052997
-1.2675996021594027,1.4132244804058902,-0.29857057789140073
-1.279064056678723,1.4025513968059504,-0.2986797255776694
-1.2904128492048024,1.3917369684651522,-0.29878599164273245
-1.3016456198229003,1.3807820966981936,-0.29888823042258905
-1.3127623402506678,1.3696875838825184,-0.2989852876804695
-1.3237632868453886,1.3584541388854594,-0.299076044245667
-1.3346490067430723,1.3470823860024548,-0.29915946143926386
-1.345420277419303,1.335572876717051,-0.29923462617533514
-1.3560780601754474,1.3239261036038752,-0.2993007935868326
-1.3666234482798465,1.3121425157320166,-0.29935742507622054
-1.377057610719018,1.3002225349799432,-0.2994042198349436
-1.38738173272763,1.2881665727362646,-0.29944113811157
-1.3975969544584892,1.2759750465269557,-0.29946841482872744
-1.4077043093173298,1.263648396174635,-0.29948656253995276
-1.4177046636150115,1.2511870991567509,-0.2994963631606513
-1.4275986592760659,1.2385916848858523,-0.29949884837946605
-1.4373866613818653,1.2258627476869812,-0.2994952691332722
-1.4470687123144725,1.2130009582945314,-0.29948705498697037
-1.456644494198832,1.2000070737338675,-0.2994757646777968
-1.4661133012130612,1.1868819454907438,-0.29946302944654235
-1.4754740231462407,1.1736265259026584,-0.299450491074591
-1.4847251413287634,1.160241872728972,-0.2994397367703938
-1.4938647377418772,1.1467291518689617,-0.29943223320216283
-1.5028905177323106,1.1330896381979871,-0.2994292620583492
-1.511799846319318,1.1193247144818805,-0.2994318595401211
-1.5205897975925555,1.105435868310551,-0.2994407621567903
-1.5292572161716667,1.0914246869677104,-0.2994563611118193
-1.537798789148582,1.0772928501308905,-0.29947866743659346
-1.5462111263827762,1.0630421202823341,-0.299507289851501
-1.5544908464949656,1.048674330715718,-0.2995414271044403
-1.5626346654373056,1.034191371055303,-0.29957987624695503
-1.5706394841430305,1.0195951702707038,-0.29962105794538263
-1.5785024715117895,1.004887677277868,-0.29966305947322214
-1.586221138903027,0.9900708393669201,-0.29970369547591647
-1.5937934024177076,0.975146578887249,-0.2997405859270983
-1.6012176295680391,0.9601167688404632,-0.29977124989929704
-1.6084926674721363,0.9449832082669665,-0.29979321285705085
-1.6156178504554695,0.9297475985393396,-0.29980412416769076
-1.6225929858655448,0.9144115218672493,-0.29980188045818656
-1.629418317963862,0.8989764234420949,-0.2997847493944683
-1.636094470887915,0.8834435986721413,-0.2997514875179128
-1.6426223728030012,0.8678141868512538,-0.29970144506173013
-1.6490031644122722,0.8520891723461874,-0.2996346503213181
-1.655238095892093,0.8362693939728153,-0.2995518663016008
-1.6613284170092397,0.8203555626742982,-0.2994546131244191
-1.6672752656185357,0.8043482869506953,-0.29934515111971916
-1.6730795599191688,0.7882481047801619,-0.2992264216466971
-1.6787418997742014,0.7720555200972753,-0.2991019454088857
-1.6842624820979135,0.7557710413472494,-0.29897568115747175
-1.6896410348249642,0.7393952193096678,-0.2988518509466158
-1.6948767733267354,0.7229286813603454,-0.29873474117310583
-1.6999683823510687,0.7063721596616586,-0.2986284911338377
-1.7049140256288737,0.6897265114400314,-0.2985368824305059
-1.7097113841916416,0.6729927304659807,-0.29846314298862975
-1.7143577231455422,0.6561719499808998,-0.29840977862352247
-1.7188499851299324,0.6392654384485013,-0.2983784430358474
-1.7231849069655523,0.6222745904537885,-0.2983698540879862
-1.7273591541444646,0.605200915638874,-0.2983837605813404
-1.7313694659759118,0.5880460286081461,-0.29841895999387846
-1.7352128025931135,0.5708116421927016,-0.29847336421860016
-1.738886483902447,0.5534995653841599,-0.29854410765133754
-1.7423883101737234,0.5361117057971914,-0.298627690229057
-1.7457166545290401,0.5186500749647813,-0.29872014722863405
-1.7488705191798113,0.5011167934297855,-0.2988172376113789
-1.7518495498340916,0.4835140917776842,-0.29891464311010796
-1.754654006040222,0.46584430368070034,-0.2990081707295804
-1.7572846890046834,0.44810984777200924,-0.29909395156425944
-1.7597428321930368,0.43031319664846235,-0.29916862868934935
-1.762029963346122,0.4124568332611856,-0.29922952642061174
-1.7641477490238697,0.3945431970409226,-0.29927479272380464
-1.7660978341421294,0.3765746239392933,-0.29930350635560665
-1.7678816890580904,0.35855328582871965,-0.2993157408001377
-1.7695004756134167,0.3404811352001265,-0.299312578478077
-1.7709549413386627,0.32235986079230466,-0.29929607110430867
-1.7722453480560607,0.3041908587911743,-0.2992691452976586
-1.7733714377675942,0.2859752227612324,-0.2992354562744488
-1.7743324353831724,0.26771375376490225,-0.29919919626570635
-1.775127084903951,0.24940699041699305,-0.29916486776506557
-1.775753713420648,0.23105525708124813,-0.2991370344889037
-1.776210315890038,0.2126587271439756,-0.2991200647681349
-1.7764946531491939,0.19421749733812754,-0.2991178828580776
-1.7766043559198108,0.17573166844931198,-0.2991337433084842
-1.7765370284475674,0.1572014274129569,-0.29917004211314335
-1.7762903466655944,0.1386271258132863,-0.29922817595317475
-1.7758621471217002,0.12000935012494329,-0.2993084576208551
-1.7752505041666051,0.10134897969066725,-0.2994100918909133
-1.7744537939388185,0.08264722936902569,-0.29953121199088706
-1.7734707444509041,0.06390567494263466,-0.2996689727567894
-1.772300471594984,0.0451262606419045,-0.29981969290328236
-1.770942501196545,0.02631128938257532,-0.2999790359127317
-1.769396777426801,0.007463397408629668,-0.3001422170978141
-1.7676636580071219,-0.011414484128838054,-0.30030422354599384
-1.765743896766239,-0.030319177604127834,-0.3004600339112322
-1.7636386142872356,-0.04924731411459582,-0.30060482625717944
-1.76134925763163,-0.06819539229553628,-0.30073416416050547
-1.7588775504528422,-0.08715983791939108,-0.30084415377747886
-1.7562254351856001,-0.1061370618825872,-0.30093156726723436
-1.7533950093711173,-0.1251235146433921,-0.3009939305770517
-1.7503884584842981,-0.14411573557897273,-0.30102957590362367
-1.7472079878007074,-0.16311039603279198,-0.3010376609960401
-1.7438557558264904,-0.18210433501772494,-0.30101815878597593
-1.7403338115949116,-0.20109458665677055,-0.3009718216181685
-1.7366440377315588,-0.2200783985397764,-0.3009001246695193
-1.7327881006684627,-0.2390532403177396,-0.3008051930861517
-1.7287674088346217,-0.25801680210301464,-0.30068971704711167
-1.7245830791618424,-0.2769669826253064,-0.300556858488078
-1.720235911900609,-0.29590186760643455,-0.30041015267521876
-1.715726373586832,-0.3148196994239863,-0.3002534072702516
-1.7110545880399726,-0.3337188397707773,-0.30009060101000173
-1.7062203354666312,-0.352597727605033,-0.2999257836571516
-1.7012230600197245,-0.3714548351469628,-0.29976297847187805
-1.6960618864344483,-0.3902886249453179,-0.2996060881115796
-1.6907356465431893,-0.4090975110680242,-0.29945880459273244
-1.685242916494782,-0.4278798272456623,-0.2993245237519675
-1.6795820653277636,-0.4466338043222126,-0.29920626453160426
-1.6737513151611854,-0.46535755867391054,-0.2991065933965822
-1.6677488126833335,-0.4840490923919907,-0.2990275542723817
-1.6615727108700706,-0.5027063050504925,-0.2989706045806806
-1.655221258990448,-0.5213270158681012,-0.29893655824126686
-1.648692898000334,-0.5399089941034493,-0.2989255369015804
-1.641986357426183,-0.558449994682521,-0.2989369311429715
-1.6351007488434897,-0.5769477954345892,-0.2989693739864552
-1.628035650107517,-0.5954002319982332,-0.29902072966800874
-1.6207911736660576,-0.613805226532185,-0.29908810135333486
-1.6133680116741558,-0.6321608068894451,-0.29916786217764924
-1.6057674503803172,-0.6504651139174787,-0.2992557146617756
-1.597991346554845,-0.6687163960154984,-0.29934678406165993
-1.59004205982338,-0.6869129919307363,-0.29943575138163836
-1.5819223369230104,-0.7050533048500482,-0.29951703137171615
-1.573635147373031,-0.7231357728928314,-0.2995849995010471
-1.5651834750214348,-0.7411588427990997,-0.2996342692484324
-1.5565700763735562,-0.7591209545222419,-0.2996600166504879
-1.5477972241862137,-0.7770205441344603,-0.2996583425523798
-1.53886646270927,-0.7948560705272016,-0.2996266543105175
-1.5297784078037266,-0.8126260675759305,-0.29956403815989807
-1.5205326290397005,-0.8303292177607347,-0.2994715821510061
-1.511127649514821,-0.847964436154777,-0.2993525994596471
-1.5015610903940897,-0.8655309462475911,-0.2992126958865102
-1.4918299697699227,-0.8830283229174627,-0.2990596270304584
-1.4819311398307966,-0.9004564751712769,-0.29890290336729985
-1.4718618154861405,-0.9178155443504222,-0.2987531274301045
-1.461620117326098,-0.9351057042036532,-0.298621085928636
-1.451205530131821,-0.9523268680690098,-0.29851666664115695
-1.440619173647396,-0.9694783336764872,-0.2984477169552582
-1.4298638013550224,-0.986558423243604,-0.298418996956763
-1.4189434867668584,-1.0035641983696755,-0.2984313938091878
-1.407863019140399,-1.02049133713765,-0.2984815480489271
-1.396627098033688,-1.0373342473418234,-0.29856199494847546
-1.3852394706895779,-1.0540864518129847,-0.2986618515229238
-1.3737021807222805,-1.0707412235917744,-0.2987679948056763
-1.3620150811282472,-1.0872923825445595,-0.29886659570231133
-1.350175711417457,-1.1037351092531777,-0.29894481032828946
-1.3381795622965353,-1.1200666057113626,-0.2989923984684517
-1.326020674202967,-1.1362864485435575,-0.29900304203190364
-1.3136924597766915,-1.152396540351305,-0.298975174408161
-1.3011886176185004,-1.1684006556745157,-0.29891219846902595
-1.2885040144452244,-1.1843036759536854,-0.2988220565272741
-1.2756354423531673,-1.200110684453053,-0.298716207020044
-1.262582190174566,-1.215826123619761,-0.29860814601845775
-1.2493463899163961,-1.2314531928653376,-0.2985116737540261
-1.235933108159962,-1.246993590675162,-0.2984391374735955
-1.2223501555096457,-1.262447603979546,-0.2983998781055808
-1.2086075971630954,-1.2778144517618628,-0.29839907234957397
-1.1947169740790955,-1.293092728964262,-0.29843710276753854
-1.1806902874861733,-1.308280788204685,-0.298509518139763
-1.1665388491066826,-1.3233769394159438,-0.29860757586192976
-1.1522721380519234,-1.3383794232229618,-0.2987192951316353
-1.1378968167120151,-1.3532861958796827,-0.29883089786918093
-1.1234160356138205,-1.3680946263295506,-0.2989284752153869
-1.1088291084141308,-1.3828012325729813,-0.29899969205838883
-1.0941315811749712,-1.3974015697579467,-0.2990353314141361
-1.0793156754055757,-1.411890331837707,-0.29903048497135387
-1.0643710645830868,-1.4262616563881219,-0.29898521501956377
-1.0492859461153339,-1.4405095482407855,-0.2989045462278537
-1.0340483755703818,-1.4546282845562857,-0.29879769708143833
-1.018647808080083,-1.4686126526102046,-0.2986765396651365
-1.0030767186590872,-1.482457915584657,-0.29855339475010156
-0.9873320506622498,-1.4961595022284044,-0.298438430535934
-0.9714161173096041,-1.5097125562780471,-0.2983371184028112
-0.9553365474194011,-1.5231116193252863,-0.2982483531947253
-0.9391050200767257,-1.5363507881007625,-0.298163883586791
-0.9227348997033104,-1.5494246056948753,-0.29806953338735
-0.9062383517007342,-1.5623296757547458,-0.29794829110362664
-0.8896238552130447,-1.5750665895205165,-0.2977847678313399
-0.8728950008039771,-1.587641408903258,-0.2975699520836723
-0.8560510061056732,-1.6000658807428487,-0.29730486867307593
-0.8390886945070577,-1.6123558900613526,-0.2970018791370419
-0.8220051108812212,-1.6245282999085227,-0.29668298446558605
-0.8047997813221217,-1.6365969896045476,-0.2963754253801121
-0.7874759043454946,-1.6485692770304472,-0.2961057694188347
-0.7700402822846474,-1.6604438229250449,-0.29589416753288633
-0.7525022662362499,-1.6722106188347556,-0.2957503687142198
-0.7348722014437005,-1.6838529833883886,-0.2956724691251742
-0.7171598203285267,-1.6953509074365398,-0.295648508389561
-0.6993728718491736,-1.7066847894236816,-0.295660226628796
-0.6815161393785479,-1.7178386366913019,-0.2956877970242293
-0.6635909379956517,-1.7288020959326755,-0.29571424550397096
-0.6455951596949119,-1.7395710704760694,-0.29572852468024835
-0.627523889188184,-1.7501470426682273,-0.2957266969402643
-0.6093705167422659,-1.7605354606860382,-0.2957112367883954
-0.5911281532838807,-1.7707436521654207,-0.2956889294385465
-0.5727910608777489,-1.7807787186717452,-0.2956681128452534
-0.554355794779188,-1.7906457834511715,-0.2956560450024426
-0.5358218250909923,-1.80034684099361,-0.29565700855981647
-0.5171915440116084,-1.8098803152571508,-0.29567147165932695
-0.4984697230835735,-1.8192412984906958,-0.29569630723940743
-0.4796626139536808,-1.8284223375107835,-0.29572582023905447
-0.4607769487138595,-1.8374145729418923,-0.2957531951717638
-0.44181907822117683,-1.8462090193678975,-0.2957719640470864
-0.4227944022022092,-1.8547977897612444,-0.2957771794013946
-0.4037071281875445,-1.863175102124706,-0.2957661133527709
-0.38456029041864886,-1.8713379499486529,-0.2957384444458211
-0.3653559001943913,-1.8792863665469937,-0.2956960052617894
-0.34609510077020333,-1.8870232655554728,-0.2956422292653491
-0.32677825298886015,-1.894553894307318,-0.29558145582901374
-0.30740495272350765,-1.901884988807484,-0.2955182385764239
-0.28797404232527124,-1.909023760399302,-0.295456767512692
-0.26848369980135167,-1.9159768650762377,-0.2954004712747411
-0.24893166567389807,-1.9227494993741132,-0.2953518204474388
-0.22931561269116582,-1.9293447317133192,-0.29531231213795595
-0.20963360341147755,-1.9357631239753244,-0.2952825848561571
-0.18988454021389092,-1.9420026406953514,-0.29526259583273307
-0.17006850622768632,-1.948058798977435,-0.2952517933724568
-0.1501869238371538,-1.9539249918680364,-0.2952492342095905
-0.13024250633538645,-1.9595929224762019,-0.2952536246556676
-0.11023902808885305,-1.9650531068132135,-0.29526329528552786
-0.09018097214683424,-1.9702954258634688,-0.2952761423094896
-0.07007312443382052,-1.9753097189000601,-0.2952895786526324
-0.049920174761170055,-1.9800864049938869,-0.29530053400885725
-0.029726368003989832,-1.9846171018272873,-0.29530553045665564
-0.00949523451340177,-1.988895190651287,-0.29530084468470963
0.010770578334101652,-1.9929162647703285,-0.2952827536300593
0.031069354241264783,-1.996678403060237,-0.29524784846483354
0.05140022132199263,-2.000182229400949,-0.295193391526241
0.07176292876170605,-2.003430747221402,-0.2951176811874612
0.09215750624487877,-2.006428967000633,-0.2950203814707024
0.1125838513430633,-2.0091833667025316,-0.2949027685351584
0.1330413123516985,-2.0117012380346715,-0.2947678476135245
0.15352834498185658,-2.013989976422617,-0.2946203032883692
0.17404231596710001,-2.016056372937893,-0.29446626332683046
0.1945795046489674,-2.017905964755975,-0.2943128799821211
0.21513531882117087,-2.0195424975135587,-0.29416775962493347
0.23570470036067506,-2.0209675466318915,-0.29403829775115087
0.2562826576194087,-2.022180333237175,-0.2939309974026123
0.27686483316059873,-2.0231777529504624,-0.2938508606162835
0.29744800353081846,-2.023954613871715,-0.2938009413505569
0.31803041575397434,-2.0245040566931958,-0.2937821327715793
0.3386118925723373,-2.0248181089149133,-0.29379323262901846
0.3591936803255389,-2.0248883100004393,-0.29383129143768305
0.3797780613194951,-2.0247063371282534,-0.29389220569368213
0.4003677963061172,-2.0242645625166062,-0.29397148030791076
0.4209654926639169,-2.0235564822892913,-0.2940650585224407
0.44157300367975605,-2.022576971785548,-0.29417010935306576
0.46219095258030496,-2.0213223411485437,-0.2942856740393849
0.4828184454475818,-2.0197901862677563,-0.29441310178553937
0.5034529976278159,-2.0179790523387666,-0.29455624503202693
0.5240906581778431,-2.0158879489806814,-0.2947214268388594
0.5447262850366736,-2.0135157748492274,-0.29491722843217416
0.5653539060296324,-2.010860722832948,-0.29515416617194346
0.5859670998220584,-2.0079197405303884,-0.2954443305257146
0.6065593449649036,-2.004688111891567,-0.29580104618082537
0.6271243093961494,-2.001159204285231,-0.2962385875903193
0.6476560803080715,-1.997324394128363,-0.2967719560430999
0.6681493577901438,-1.9931731503927175,-0.29741670098202144
0.6885996489498284,-1.988693227264068,-0.2981887557166025
0.7090034988984446,-1.9838709022190082,-0.29910425792617756
0.7293587813830926,-1.9786911970695977,-0.30017933619666315
0.7496650489401225,-1.9731380351189949,-0.30142985985629633
0.769923916735952,-1.9671943110880847,-0.302871164038671
0.7901394327277644,-1.9608418737860125,-0.3045177698916153
0.8103183747053672,-1.954061437946331,-0.3063831187906143
0.8304704142027085,-1.9468324483574877,-0.30847933037042696
0.8506080966291782,-1.939132917757622,-0.3108169808731249
0.8707466020295502,-1.9309392542174864,-0.31340488544688827
0.8909032664979453,-1.9222260887880314,-0.3162498596168093
0.9110968562936596,-1.9129661135054026,-0.31935643334611763
0.9313465933089887,-1.9031299445834329,-0.32272649607735415
0.9516709326712824,-1.8926860350410457,-0.3263588617106754
0.9720860942786396,-1.8816006736140543,-0.3302487570797299
0.9926043548728326,-1.8698381213436632,-0.3343872548413309
1.0132321213110052,-1.857360952888717,-0.3387606907395011
1.0339678341140508,-1.8441306850972197,-0.3433501242383281
1.0547997969135743,-1.8301087874390984,-0.3481309168259106
1.0757040931948527,-1.815258170861695,-0.3530725068152556
1.0966428331764493,-1.7995452328442896,-0.35813844241164605
1.1175630598701893,-1.7829424835423795,-0.36328668335814207
1.138396713421816,-1.7654316785770237,-0.3684700858925747
1.1590620748956895,-1.7470072335996503,-0.37363684875723324
1.179467045286628,-1.727679506789513,-0.37873054714639975
1.199514425759867,-1.7074773479198262,-0.3836892799045646
1.2191090337579067,-1.686449199934412,-0.38844350140114425
1.23816604022528,-1.6646621001105033,-0.39291241303545243
1.2566194268713673,-1.6421982549063234,-0.39699941462841903
1.2744290801588973,-1.6191494792230823,-0.4005879984204088
1.2915849393610284,-1.5956105804671221,-0.4035403388698997
1.3081069611842286,-1.5716734411585376,-0.4057012173783521
1.3240405116902005,-1.54742371978249,-0.40690929985871693
1.3394480138688833,-1.5229414518253017,-0.40701589964109464
1.3543989067947564,-1.498305432957546,-0.40590855664647907
1.3689607067351854,-1.4735995982210397,-0.40353408913918654
1.3831937575606816,-1.4489184564974673,-0.39991458373307553
1.3971509815963286,-1.4243686551992343,-0.3951509970142
1.410881939067044,-1.4000650601353468,-0.3894124560447667
1.4244385718387598,-1.3761218150112404,-0.3829136204119674
1.4378790872672713,-1.3526407729193737,-0.3758857975728416
1.4512671201568361,-1.3297006097183686,-0.3685486018456321
1.4646654148786764,-1.3073494687277434,-0.3610876857128795
1.4781258233412211,-1.285602473083765,-0.3536413913873866
1.4916791366437465,-1.2644437289383965,-0.3462964358082501
1.5053283155102193,-1.2438313995628951,-0.3390909879369479
1.5190471661033764,-1.2237043974338195,-0.33202298509380457
1.5327843726760813,-1.2039898565137859,-0.325061801447317
1.5464711694139788,-1.1846110902899503,-0.31816169100664204
1.5600304108638545,-1.1654957110677517,-0.31127533610931035
1.5733852382343918,-1.1465830528187968,-0.30436548771675964
1.5864663504060468,-1.1278295347685707,-0.29741264251007493
1.5992175319030764,-1.109210674288215,-0.29041741441586644
1.6115993698666098,-1.0907192536994699,-0.28339764279065793
1.6235911352368921,-1.0723603151139864,-0.2763817354173388
1.6351908261717596,-1.0541445990227212,-0.26940058069346984
1.6464134753047133,-1.0360822991764016,-0.2624802705991325
1.65728797371397,-1.01817853583724,-0.25563707177301165
1.6678528035505193,-1.000431099564768,-0.24887507563377542
1.6781511762872037,-0.9828302511128744,-0.24218619106536488
1.688226132614684,-0.9653599581921151,-0.23555178334419824
1.6981161468221386,-0.9479998989012868,-0.22894523340286876
1.7078516852332983,-0.9307276896061641,-0.2223348182272873
1.717453027990481,-0.9135209424063447,-0.21568646279647385
1.7269295127555333,-0.8963588708068204,-0.2089660489261438
1.736280198083094,-0.8792232692020177,-0.2021411123243193
1.7454957574242238,-0.8620988268532237,-0.19518192868656925
1.7545612194376126,-0.8449728898303949,-0.18806213682157247
1.7634590292903944,-0.8278349001511397,-0.1807590987403942
1.7721718865220217,-0.8106757664561427,-0.17325412686118646
1.7806849375056333,-0.7934873508331902,-0.16553257094765828
1.78898711541934,-0.7762621422775213,-0.15758364801118363
1.7970716377915843,-0.7589930931083404,-0.14939988694141304
1.8049358171551035,-0.7416735548435327,-0.14097615020166843
1.8125803964839315,-0.7242972587051122,-0.1323083328550947
1.8200086171311054,-0.7068583161557465,-0.12339194946510723
1.8272251984400956,-0.6893512413564327,-0.11422085140071814
1.8342353710784773,-0.6717710073805604,-0.10478626810891467
1.8410440628619442,-0.654113141111813,-0.09507627068288405
1.8476552900706702,-0.6363738453613059,-0.08507565716749643
1.8540717665208946,-0.6185501205216564,-0.07476618545038383
1.8602947131273924,-0.6006398501096495,-0.06412704201143749
1.866323835085793,-0.5826418192027768,-0.05313542958013362
1.8721574311322131,-0.5645556514214805,-0.04176717152711662
1.877792603225474,-0.5463816727442428,-0.029997252457799384
1.8832255353628098,-0.5281207298967103,-0.017800235864009473
1.8884518016676008,-0.5097739999040991,-0.0051505194370455865
1.893466652211397,-0.491342823867822,0.007977593884555212
1.8982652225249779,-0.47282858558461704,0.021610017184794605
1.9028426266400724,-0.4542326398200177,0.0357731901720828
1.9071939207277797,-0.4355562812052353,0.05049456469371183
1.911313955619505,-0.41680073695896436,0.06580323629904528
1.9151971616074261,-0.3979671669342923,0.08173067502887754
1.918837320132306,-0.3790566621798535,0.09831148781633026
1.9222273717617808,-0.36007024533047705,0.11558412352457004
1.9253592928642735,-0.34100888824306663,0.13359141485277037
1.9282240532397676,-0.32187356931457045,0.15238084564944288
1.930811650584213,-0.3026653908592225,0.17200444210990162
1.9331112080215118,-0.2833857647287995,0.19251821284542014
1.9351111187869199,-0.26403665461617787,0.21398110371222967
1.9367992270553014,-0.24462084134979806,0.23645348368018104
1.9381630437649402,-0.22514215873921795,0.25999523102534705
1.9391900076713782,-0.2056056368633815,0.28466353816356693
1.9398678112054855,-0.1860174900672225,0.3105105945996234
1.9401848145114566,-0.16638489999315292,0.33758133985115535
1.9401305655596706,-0.14671557057965157,0.36591150233165415
1.9396964256777132,-0.12701707179541893,0.3955261556828489
1.938876264787658,-0.1072960391876665,0.4264390271487726
1.9376671370437535,-0.0875573507110865,0.45865277401269267
1.9360697785117988,-0.06780345016936151,0.4921603897183957
1.934088698513583,-0.048034012865349696,0.5269477973829182
1.9317315961789363,-0.028246133736210544,0.5629975319475362
1.9290078700009063,-0.008435136899211493,0.6002932225549447
1.9259261527337417,0.011404064910887413,0.6388244103240703
1.9224911330084888,0.031275394189821615,0.678591131118824
1.9187004043111304,0.05118044488976892,0.7196076803358171
1.9145425980168111,0.07111853307200777,0.7619049804714035
1.9099983412964243,0.09108856242703,0.805530797217825
1.9050451859807722,0.11109250393296644,0.8505465132745851
1.8996660887691514,0.1311389413034333,0.8970184543825133
1.8938582363232752,0.15124382498986988,0.9450018385561159
1.8876362385609649,0.1714254172718136,0.9945179310603672
1.8810238970406647,0.19169254076282244,1.0455308185279684
1.8740347990073143,0.2120298368786942,1.0979369663191498
1.8666524083856824,0.23238879974504623,1.1515818149612467
1.8588265491516758,0.25269442956490185,1.2063068672005284
1.8504953986935049,0.2728702595441897,1.2620106948741174
1.8416217949882228,0.292870837446309,1.318692124143414
1.8322165570625657,0.3127006682105558,1.3764479480739427
1.8223273158476665,0.33240444818898934,1.4354215262183816
1.8119980410251504,0.3520352064842737,1.4957280181165498
1.801229761083836,0.3716257613810243,1.5573966522859921
1.7899733936820077,0.39118435357854636,1.6203580867918859
1.7781598055891943,0.41071141234396435,1.6844739153630193
1.7657431617495571,0.4302158972710392,1.7495810305504598
1.7527262725178345,0.44971349224890705,1.8155232228764815
1.7391544047190326,0.46920844179220983,1.8821595153603632
1.7250882925558721,0.4886761388946074,1.9493558322289721
1.7105774401115428,0.5080623048633743,2.016973011153018
1.695646467697573,0.5273007071430044,2.084859647629747
1.680292396256759,0.5463370295489415,2.1528506663543294
1.664485158561802,0.5651421776330595,2.220769301656077
1.6481703011497677,0.5837077781227238,2.2884301518164025
1.6312807090047834,0.6020333910260419,2.3556423146309116
1.6137621158877846,0.6201238935394111,2.422216316620579
1.5956046453212234,0.6380045014266016,2.4879799328222014
1.5768597555141928,0.6557366005017382,2.5527957482088226
1.5576237697900432,0.6734070352531407,2.616558040034636
1.5379913674283625,0.6910851527637611,2.679154013864542
1.5180075620053803,0.7087761053576882,2.740407190503274
1.4976491154639702,0.726408259140942,2.8000459719724566
1.4768443662883357,0.7438673758926132,2.8577274672546573
1.4555164161210896,0.7610553069195158,2.913104718831197
1.433624993044232,0.7779348985874571,2.965892474767512
1.4111868550343438,0.7945350852420325,3.015889326256499
1.388267665494783,0.810918936201257,3.062946767295193
1.3649534908533265,0.8271400529976229,3.106911256839806
1.3413194689962893,0.843213639093025,3.1475787460044518
1.3174118476322652,0.8591120979766671,3.1846867267881946
1.2932495895827294,0.8747783174197505,3.2179416144226436
1.2688399920725995,0.890144517048344,3.247061071386769
1.2441965073962153,0.9051486461095747,3.2718114116887174
1.2193493699500593,0.9197457050631235,3.292031098087733
1.194346888338854,0.9339136887770708,3.3076393573674623
1.1692502075567195,0.9476541831609492,3.3186306118240307
1.1441246939186491,0.960988389559003,3.325056325315522
1.1190303913653752,0.9739507292482482,3.3269997326966276
1.094014436905276,0.9865824284376364,3.3245523781629203
1.0691079347200216,0.9989259347005651,3.3177996420627522
1.044327381052151,1.0110195802452684,3.3068163353017472
1.0196784238871868,1.0228923882517922,3.291668389310295
0.9951594631992359,1.0345603953645148,3.2724162266281973
0.9707637982016459,1.0460262296465908,3.2491181406288376
0.9464804294347433,1.0572824541139736,3.2218343356875043
0.9222945891610923,1.0683175375507554,3.1906324405176587
0.8981892089135276,1.0791223857992656,3.1555941560995153
0.8741477285314759,1.0896954519421054,3.11682165132025
0.8501575720065665,1.1000452385698274,3.0744419624834123
0.8262131598219149,1.1101899613729969,3.028608029975613
0.8023176204856789,1.1201548093669018,2.979495986150685
0.7784828894160913,1.1299675770362307,2.9272994612544228
0.7547282944830036,1.1396536513242825,2.8722224572061377
0.7310780063358402,1.1492313996469958,2.8144725467761385
0.7075579029974738,1.158708774666507,2.754255899508504
0.6841924792992337,1.1680815086591838,2.691775019165993
0.6610024474461305,1.1773329307408753,2.627229167925691
0.6380035432240634,1.1864354818317568,2.5608164834007825
0.615206652684241,1.1953544839921795,2.4927361673646584
0.5926188324932248,1.2040552735381873,2.423189182395895
0.570244531776522,1.2125144502699563,2.3523767369748767
0.5480866740760124,1.2207336281483916,2.2804973560089197
0.5261479943014131,1.228749822488825,2.207745220732637
0.5044332033766608,1.236633042370748,2.1343136699294414
0.48295130414006554,1.2444634231952496,2.060405550714843
0.4617156876474122,1.252291200622553,1.9862437145836622
0.4407410384857267,1.2601006979625462,1.912064341015597
0.42004220078488574,1.2678099958390587,1.838078603144326
0.39964177393075984,1.275318937358782,1.7644187777705267
0.37957512979008184,1.2825700560098399,1.6911242298582347
0.3598617961091827,1.2895642459903567,1.618214522294
0.340450564317415,1.2963262704026786,1.5458198907476548
0.32122066840403507,1.3028773891665915,1.4742614465520363
0.3020891874957085,1.309239687012463,1.4039853326103102
0.2831272201953886,1.315435093225895,1.3353769045971908
0.26452956233403413,1.3214625160430642,1.2686000435273184
0.2464279162217784,1.327279520407922,1.2035791843194086
0.2287357511347856,1.332814639604404,1.1401147341418703
0.21120943380347024,1.3380162651049639,1.078041517419106
0.19367041921271808,1.342902080162395,1.017334888588296
0.17614818597685228,1.3475517974141895,0.9581124962171028
0.15881560384274623,1.3520502157105978,0.9005479738556035
0.14182837437623796,1.3564475815784314,0.8447659374694876
0.12523431845846805,1.3607629110710517,0.7907907146732012
0.10898398732969852,1.3649950574361678,0.7385680545746831
0.09297937769200297,1.3691161053696843,0.6880235698021686
0.07712074187252817,1.3730625115010031,0.6391144308262844
0.06134449995783206,1.3767481031553261,0.5918494819677318
0.04563930938760423,1.3801005455726163,0.5462684013017867
0.030032854366845246,1.3830984060339069,0.5023963135159284
